2 0.225 0.25 0.45 0.5
4 0.6015625 0.3390625 0.303125 0.321875
4 0.76953125 0.3125 0.3921875 0.375
4 0.31875 0.70859375 0.2625 0.3796875
4 0.17578125 0.571875 0.3515625 0.14375
4 0.0984375 0.67734375 0.196875 0.3546875
4 0.1796875 0.846875 0.359375 0.30625
4 0.35546875 0.93828125 0.1890625 0.1234375
4 0.2203125 0.95859375 0.4 0.0828125
3 0.9359375 0.75625 0.128125 0.4875
3 0.8640625 0.66328125 0.21875 0.3265625
3 0.80078125 0.76640625 0.3015625 0.4671875
3 0.64296875 0.665625 0.2453125 0.33125
3 0.5658819783690214 0.732526989759005 0.18329696505796084 0.2655325366905286
3 0.50546875 0.70546875 0.1109375 0.3171875