2 0.184375 0.1796875 0.36875 0.359375
2 0.5195680731069029 0.23943857905822732 0.10347199247815268 0.07332094606059662
2 0.5912468448145152 0.27853789047080796 0.09248902837152997 0.0709296518694554
2 0.6447128256141854 0.27084471225635076 0.08265938730530316 0.05459425684847723
2 0.6064435989711503 0.1598946342470306 0.08109688730530315 0.0544758576783142
2 0.4734375 0.01640625 0.065625 0.0328125
2 0.7077523832151751 0.31085532823303474 0.07810827962517113 0.05892655933798814
2 0.7969058114284204 0.3144790809323271 0.08922763605166181 0.06600535352912935
6 0.29921875 0.63203125 0.1390625 0.5453125
6 0.184375 0.81328125 0.36875 0.3734375
3 0.77109375 0.7 0.4578125 0.6