2 0.34888356230378725 0.4280730381527421 0.20414302464894368 0.23147964529089188
2 0.3998529200602749 0.34912983198423203 0.1692014586155702 0.1902819009729347
2 0.5140625 0.2 0.13125 0.240625
2 0.16271252544191328 0.12301121144681124 0.17536957146044047 0.18882849512873606
2 0.2817347631174414 0.23489182833078406 0.14223616689245625 0.1523455243497292
4 0.78984375 0.275 0.4203125 0.55
4 0.721875 0.0984375 0.284375 0.196875
4 0.275 0.653125 0.55 0.20625
4 0.34140625 0.7109375 0.4765625 0.321875
4 0.48828125 0.69453125 0.1828125 0.2890625
6 0.91015625 0.65859375 0.1796875 0.2171875
6 0.78984375 0.775 0.4203125 0.45