2 0.11640625 0.325 0.2328125 0.346875
4 0.5875 0.0625 0.25625 0.096875
4 0.596875 0.18359375 0.275 0.2421875
4 0.6177912373846063 0.37762079953513783 0.2944906703877141 0.23707293714643587
4 0.65 0.49296875 0.3 0.0734375
4 0.859375 0.4 0.28125 0.259375
4 0.84296875 0.2015625 0.3140625 0.253125
3 0.1828125 0.75 0.365625 0.440625
2 0.5750151941662505 0.5849087756499244 0.1018193651776464 0.046055181194351036
2 0.49921875 0.58203125 0.0796875 0.0484375
2 0.47734375 0.6140625 0.0359375 0.03125
2 0.5444630150920841 0.6980207808457044 0.0809246683207995 0.03213479282674854
2 0.7333842739834241 0.7750852974414508 0.06090326674922295 0.03696440445914604