2 0.175 0.3046875 0.35 0.609375
6 0.84765625 0.16640625 0.3046875 0.3328125
6 0.75234375 0.38125 0.4953125 0.45625
6 0.5625 0.15703125 0.425 0.3140625
4 0.13359375 0.7828125 0.2671875 0.346875
4 0.15390625 0.91953125 0.3078125 0.1609375
4 0.26328125 0.77265625 0.1734375 0.3265625
4 0.753125 0.825 0.359375 0.35
4 0.50625 0.7171875 0.3125 0.215625
4 0.86484375 0.6890625 0.2703125 0.159375
4 0.965625 0.82578125 0.06875 0.3203125
4 0.8984375 0.92421875 0.203125 0.1515625
4 0.4 0.77578125 0.1 0.2359375
4 0.39609375 0.65390625 0.0921875 0.0890625