2 0.40703125 0.1375 0.3359375 0.275
2 0.17330322813719423 0.25105334847309296 0.34649528844204447 0.49993506667959764
2 0.11015625 0.44921875 0.2203125 0.1390625
2 0.309375 0.45078125 0.39375 0.1359375
2 0.45703125 0.259375 0.2640625 0.51875
2 0.7209912943939729 0.07453941952544074 0.0910886083130606 0.08708515394280311
2 0.6426435805965223 0.042635457407167544 0.08633747579950324 0.0757650166698994
2 0.6925077460911752 0.14955526604167968 0.08160452400410509 0.0675698793969957
2 0.7211463513791735 0.23554069240425796 0.12230224687674215 0.08338606909549373
2 0.6109375 0.2859375 0.04375 0.084375
2 0.8265625 0.49765625 0.078125 0.0421875
2 0.7164133995837754 0.22811082967716168 0.130232921544777 0.10433629788366652
2 0.6948651316297946 0.15170769740522783 0.08947156615858276 0.07758260818516849
2 0.687425857232906 0.3508466990722178 0.11304542154477701 0.1029332945496865
5 0.29453125 0.759375 0.5890625 0.48125
4 0.73671875 0.7265625 0.2953125 0.415625
4 0.79453125 0.61171875 0.4109375 0.1859375
4 0.7640625 0.915625 0.35 0.16875