2 0.371875 0.025 0.090625 0.05
2 0.2777502678536122 0.11620607772575635 0.07825345941492116 0.09910274122451135
2 0.37962641355154114 0.13121966079528208 0.08126936525911965 0.09294366943775678
2 0.08589005032101626 0.14054816284034616 0.07178527110331831 0.08642088479802065
2 0.1086496659871731 0.05624971918769459 0.059257997564368024 0.08449467194503928
2 0.0171875 0.12578125 0.034375 0.0796875
2 0.01875 0.1296875 0.0375 0.0875
2 0.4421875 0.02109375 0.059375 0.0421875
2 0.4625 0.175 0.0625 0.0875
2 0.48828125 0.10234375 0.0421875 0.1171875
5 0.7546875 0.109375 0.490625 0.21875
2 0.2546875 0.584375 0.509375 0.73125
5 0.7546875 0.609375 0.490625 0.78125