2 0.29765625 0.03671875 0.1640625 0.0734375
2 0.03671875 0.25625 0.0734375 0.175
2 0.05234375 0.0921875 0.1046875 0.140625
2 0.45546875 0.38125 0.0890625 0.096875
2 0.44453125 0.175 0.1109375 0.159375
2 0.41015625 0.02421875 0.0453125 0.0484375
2 0.4412877375916274 0.08646223221281044 0.04579310124083733 0.05352741439185813
2 0.36237114389235875 0.26227556141081154 0.05444683540139543 0.08819351282028158
4 0.92890625 0.21484375 0.1421875 0.4296875
4 0.778125 0.21484375 0.340625 0.4296875
4 0.628125 0.29375 0.25625 0.271875
43 0.4515625 0.50625 0.096875 0.153125
43 0.22275625887895095 0.588585388541898 0.3400015591703934 0.20739739288512418
5 0.6921875 0.9578125 0.19375 0.084375
5 0.55078125 0.765625 0.1015625 0.075
5 0.53359375 0.825 0.0671875 0.053125
5 0.559375 0.95703125 0.11875 0.0859375
5 0.80078125 0.9671875 0.1640625 0.065625
5 0.9515625 0.96953125 0.09375 0.0609375
5 0.60546875 0.8546875 0.2109375 0.140625