2 0.2117643106127715 0.04441054420664754 0.1374184592838688 0.07573944906292791
2 0.4218309230435577 0.07635218065402083 0.14380816162790727 0.10243834138279598
2 0.325 0.0140625 0.171875 0.028125
2 0.46328125 0.0140625 0.1234375 0.028125
2 0.515625 0.0546875 0.10625 0.109375
2 0.447243130786267 0.1561449807331631 0.19583173658176473 0.0867966210079671
2 0.24999669340162334 0.10735682508545992 0.11750647748246604 0.08139841567683304
2 0.3363044332225905 0.09186586889639603 0.1162839389258032 0.11099498746358769
2 0.525 0.1125 0.0875 0.071875
2 0.09635604951088808 0.3674412157559753 0.08319203423772623 0.057006169437756785
2 0.04609375 0.4109375 0.0921875 0.075
2 0.06734727483388579 0.24606030925034225 0.07678134793281674 0.07865384890464319
2 0.10054170419896498 0.3143389478092867 0.11504281153562217 0.06729045157021041
2 0.06527243754152719 0.1685119707705402 0.08455427513842761 0.0539266335443795
2 0.03125 0.20390625 0.0625 0.0578125
2 0.14883710672757358 0.22025397868809904 0.10284320018457013 0.07161423871722902
2 0.1294770350129186 0.26587035556856087 0.10819203423772623 0.05773359514371954
2 0.01953125 0.25078125 0.0390625 0.0546875
2 0.0046875 0.3515625 0.009375 0.034375
2 0.04197943014027155 0.38542668613080416 0.07211483189368778 0.03017088479802066
2 0.01171875 0.48359375 0.0234375 0.0671875
2 0.049994584366923146 0.504631327197031 0.07441781153562217 0.06610838479802066
2 0.09734924815429871 0.4496543221824661 0.07285531153562216 0.06606292069139812
2 0.16338406076965506 0.4085268685006847 0.10873225478036197 0.09050063103709682
2 0.1891734076227376 0.3114389198334681 0.0983559592838688 0.07460284639736088
2 0.00859375 0.32421875 0.0171875 0.0671875
2 0.0609375 0.61328125 0.10625 0.0515625
2 0.16171875 0.60859375 0.1265625 0.0609375
2 0.240625 0.6265625 0.096875 0.025
6 0.784375 0.31953125 0.43125 0.6390625
6 0.74140625 0.81953125 0.3453125 0.3609375