2 0.17573360729631987 0.20393227232017397 0.16780676002545344 0.191354964665139
2 0.471875 0.04453125 0.146875 0.0890625
2 0.0609375 0.45703125 0.121875 0.2078125
2 0.3545643952498675 0.5503747804882991 0.09502269334818117 0.11155705547083343
2 0.4116229172501857 0.5493584475663894 0.10154541335136287 0.13514002583555573
2 0.22421875 0.6265625 0.0703125 0.025
2 0.1 0.6265625 0.08125 0.025
2 0.23904158195418396 0.2702670935585768 0.12182155068427178 0.13248780452090286
5 0.834375 0.31953125 0.33125 0.6390625
3 0.4421875 0.81484375 0.453125 0.3515625
3 0.47578125 0.871875 0.3859375 0.25625
4 0.834375 0.87734375 0.33125 0.2453125
4 0.8 0.81953125 0.2625 0.3609375
4 0.834375 0.78984375 0.33125 0.3015625