2 0.2046875 0.35078125 0.390625 0.1578125
2 0.12734375 0.27734375 0.2546875 0.3046875
5 0.68984375 0.24765625 0.5796875 0.3640625
6 0.2796875 0.6234375 0.240625 0.3875
6 0.11328125 0.66953125 0.2265625 0.4203125
6 0.04375 0.52890625 0.0875 0.1984375
6 0.10234375 0.95234375 0.2046875 0.0953125
6 0.29921875 0.88984375 0.2015625 0.2203125
2 0.96875 0.50625 0.0625 0.1
2 0.8038366849206335 0.5881430362935861 0.07415699568106326 0.08918246832111638
2 0.7992376249261708 0.5007140921097848 0.06301923658176464 0.08529264381548422
2 0.7262728894241404 0.598414264754161 0.05500647748246603 0.08162134059717552
2 0.6630731801402716 0.6661919906168461 0.060935104872647014 0.12558986188449914
2 0.5604371383444062 0.5656296258823554 0.06860790252860856 0.09968292574646931
2 0.48791129627168556 0.5707598862739156 0.057670402528608555 0.09891810124083733
2 0.42734375 0.47890625 0.0546875 0.0921875
2 0.41328125 0.61171875 0.0265625 0.0953125
2 0.4125 0.865625 0.025 0.103125
2 0.4613652760705035 0.8992837240210996 0.06720608883351815 0.07780792574646966
2 0.6675301426633429 0.6578713922260003 0.08311049352159508 0.13180701089576327
2 0.7252913803248416 0.6014846344323301 0.06321949568106326 0.08841764381548423
2 0.5485205243724605 0.690356474273201 0.08649630937615385 0.11182229282674853
2 0.5140625 0.45546875 0.065625 0.0515625