2 0.28984375 0.2609375 0.5796875 0.296875
5 0.63046875 0.32734375 0.1015625 0.1640625
5 0.73203125 0.34453125 0.3046875 0.1296875
6 0.3609375 0.88515625 0.328125 0.2296875
6 0.53828125 0.61171875 0.0828125 0.2765625
6 0.4609375 0.7390625 0.2375 0.24375
6 0.25792224694564103 0.6126575186413519 0.3250124944559795 0.2971033007386847
6 0.43073114441362714 0.5069291725267357 0.222783594568919 0.17779878883482797
6 0.2 0.4609375 0.225 0.103125
6 0.1328125 0.8015625 0.265625 0.275
6 0.1109375 0.9359375 0.221875 0.128125
6 0.04765625 0.58359375 0.0953125 0.2203125
2 0.78984375 0.7046875 0.4203125 0.590625