2 0.34765625 0.121875 0.2640625 0.24375
2 0.16171875 0.05234375 0.3234375 0.1046875
2 0.27421875 0.325 0.4109375 0.45
2 0.08203125 0.16640625 0.1640625 0.3328125
2 0.17578125 0.48125 0.3515625 0.15625
3 0.82265625 0.18515625 0.2890625 0.3703125
3 0.6765625 0.16171875 0.284375 0.3234375
3 0.88984375 0.4484375 0.1890625 0.221875
3 0.7562722372164922 0.43632366409398743 0.19077880054030488 0.2334443004748536
6 0.10546875 0.6984375 0.2109375 0.278125
6 0.35234375 0.7171875 0.2546875 0.28125
6 0.434375 0.8703125 0.090625 0.259375
6 0.15280249683513905 0.8677280914493029 0.23669150126594438 0.2519502595669116
6 0.32109375 0.91875 0.2234375 0.1625
6 0.0578125 0.91640625 0.115625 0.1671875
5 0.73984375 0.7796875 0.5203125 0.440625