2 0.17734375 0.4734375 0.3546875 0.3125
2 0.7046875 0.31484375 0.590625 0.6296875
2 0.08125 0.96640625 0.065625 0.0671875
2 0.3271502213799131 0.9349009122047699 0.0728473493799445 0.10105394354388864
2 0.38671875 0.9078125 0.0453125 0.1
2 0.3953125 0.79921875 0.028125 0.0953125
2 0.1867457512493999 0.7010323430719919 0.052321361827499045 0.07597603110277777
2 0.4 0.65390625 0.01875 0.0484375
2 0.3703125 0.64921875 0.071875 0.0390625
2 0.3199628381817897 0.808914610649631 0.06747276514684693 0.07109304147037036
2 0.8765625 0.81484375 0.246875 0.3703125
2 0.790625 0.81484375 0.41875 0.3703125
2 0.571875 0.81484375 0.325 0.3703125
2 0.69140625 0.6734375 0.2390625 0.0875