2 0.10703125 0.184375 0.2140625 0.36875
2 0.60625 0.1 0.49375 0.2
2 0.6796875 0.2109375 0.640625 0.315625
2 0.2203125 0.684375 0.278125 0.63125
6 0.86953125 0.45703125 0.2109375 0.1765625
6 0.71796875 0.4484375 0.2078125 0.159375
6 0.5453125 0.4265625 0.196875 0.115625
6 0.4140625 0.440625 0.109375 0.14375
6 0.45078125 0.65703125 0.1828125 0.3203125
6 0.601337324546398 0.5506578144763339 0.13385789129415607 0.1920860794507723
6 0.6799309989198454 0.7582812152667666 0.1888362827847038 0.24719137687167853
6 0.8221816105525557 0.6214970091521116 0.15727721057599692 0.19114906405973214
6 0.9171875 0.85078125 0.165625 0.2984375
6 0.975 0.64765625 0.05 0.2015625
6 0.95234375 0.5234375 0.0953125 0.153125
6 0.7921875 0.890625 0.165625 0.21875
6 0.48671875 0.89140625 0.2296875 0.2171875