2 0.209375 0.1421875 0.41875 0.284375
2 0.23818697437119957 0.3231819281840765 0.32306340418179424 0.3377373910977644
2 0.10234375 0.2046875 0.2046875 0.30625
2 0.0546875 0.29765625 0.109375 0.2578125
6 0.821875 0.234375 0.35625 0.33125
6 0.846875 0.48984375 0.30625 0.1203125
6 0.96640625 0.26875 0.0671875 0.2875
6 0.5948654669196447 0.22445860275391563 0.26968905338349136 0.25463399960721655
6 0.68125 0.4734375 0.2125 0.153125
5 0.209375 0.775 0.41875 0.45
2 0.75078125 0.778125 0.4984375 0.44375