2 0.1796875 0.16328125 0.359375 0.3265625
2 0.05859375 0.36328125 0.1171875 0.5265625
2 0.44921875 0.4359375 0.2609375 0.3875
4 0.703125 0.06796875 0.246875 0.1359375
4 0.85625 0.04921875 0.2625 0.0984375
4 0.8703125 0.196875 0.259375 0.340625
4 0.69921875 0.23359375 0.2390625 0.3453125
4 0.8703125 0.45234375 0.259375 0.3546875
4 0.69765625 0.46875 0.2359375 0.321875
5 0.5421875 0.7859375 0.075 0.3125
5 0.42890625 0.76484375 0.2484375 0.2703125
5 0.2328125 0.75078125 0.321875 0.2421875
5 0.08515625 0.7640625 0.1703125 0.26875
5 0.21328125 0.95234375 0.3734375 0.0953125
2 0.80625 0.8125 0.3875 0.365625