2 0.325 0.18984375 0.65 0.3796875
2 0.85703125 0.18984375 0.2859375 0.3796875
4 0.39296875 0.465625 0.3234375 0.171875
4 0.18671875 0.43125 0.2828125 0.103125
4 0.53984375 0.48515625 0.2203125 0.2109375
4 0.5984375 0.74140625 0.103125 0.3234375
4 0.5078125 0.68359375 0.284375 0.3234375
4 0.32601261393479214 0.6286457824706994 0.2774187944567007 0.32489445454365706
4 0.14664829156121667 0.5715714423720878 0.25812083085063087 0.2792819456152033
4 0.05625 0.5265625 0.1125 0.29375
4 0.07265625 0.79609375 0.1453125 0.3359375
4 0.1921875 0.83359375 0.30625 0.3328125
4 0.396875 0.86953125 0.334375 0.2609375
4 0.54296875 0.9015625 0.2140625 0.196875