2 0.2109375 0.203125 0.396875 0.29375
4 0.43046875 0.16015625 0.0421875 0.3015625
4 0.51640625 0.071875 0.1453125 0.14375
5 0.2046875 0.646875 0.409375 0.59375
6 0.959375 0.55546875 0.08125 0.2546875
6 0.646875 0.45859375 0.221875 0.2171875
6 0.8315177954155437 0.5403248974437048 0.20177817095032752 0.20692752775932116
6 0.7815977753857339 0.7864081554632693 0.2443691573460086 0.2577681369509051
6 0.46796875 0.603125 0.1171875 0.215625
6 0.48125 0.4203125 0.14375 0.140625
6 0.45234375 0.84921875 0.0859375 0.2453125
6 0.6202308399045264 0.6826787854743439 0.13187859337710908 0.19158432757475108
6 0.61953125 0.91015625 0.1265625 0.1796875
6 0.95078125 0.8296875 0.0984375 0.25
6 0.85078125 0.9734375 0.1765625 0.053125