2 0.47890625 0.09765625 0.2203125 0.1953125
2 0.41640625 0.03515625 0.2359375 0.0703125
2 0.3171875 0.14453125 0.365625 0.2890625
2 0.79453125 0.21953125 0.4109375 0.4390625
2 0.56484375 0.45546875 0.0484375 0.0328125
2 0.4875 0.6984375 0.203125 0.2125
2 0.52265625 0.953125 0.1328125 0.09375
2 0.06280172849830859 0.7910064173420834 0.11195735030926075 0.17423716531583314
2 0.0570463228885156 0.6915826157869446 0.11294602333785922 0.12933476842611089
2 0.2453753703131401 0.6853347413758338 0.1802291181871082 0.1553887119699997
2 0.38125 0.47578125 0.08125 0.0734375
2 0.3390625 0.4734375 0.075 0.06875
2 0.421875 0.45625 0.075 0.034375
2 0.43456606076054405 0.47758315556037123 0.06033146424430509 0.054921237323333295
2 0.4048142721299112 0.633617833552871 0.0763391015172088 0.06097574769092588
2 0.3279169322816321 0.6458532848724543 0.062021510001939714 0.05662043836009243
2 0.2205663021357302 0.8055296641845373 0.09441942182065048 0.07341695909527753
2 0.89609375 0.71953125 0.2078125 0.5609375