2 0.01875 0.10546875 0.0375 0.0671875
2 0.61875 0.27421875 0.040625 0.0921875
2 0.454685577540862 0.3538737130583215 0.06294095574818712 0.08106166846619481
2 0.45377158684648694 0.26691816471799534 0.050440955748186946 0.08011447510489074
2 0.37674251405862674 0.36369992156647263 0.044045406533975394 0.07651587842423879
2 0.310085861039308 0.43068743463872716 0.041541144747151024 0.12303568091374953
2 0.21284052584545093 0.32907923567834557 0.05414815260503385 0.09285127344521679
2 0.1393302512383451 0.33308149667600767 0.04179370181924558 0.09502908008391273
2 0.08020350020488778 0.24191296763171355 0.05073205417661044 0.08636447510489073
2 0.2542659307267964 0.057025714307721256 0.03750430810555185 0.0697922817435865
2 0.01953125 0.0984375 0.0390625 0.065625
2 0.04948865529112103 0.3736015981305446 0.04008565260503385 0.09178568091374953
2 0.02999175433871699 0.6283133315338051 0.05280397642635144 0.09742037427505376
2 0.09818098221281049 0.6615626168018766 0.05618153349844599 0.06965057178554268
2 0.3151907380037787 0.42246053754315654 0.06341614474715093 0.12469326929603178
2 0.3753255632728384 0.36694332073663566 0.05058650496239867 0.08323947510489056
2 0.19433458250326074 0.4535706728158724 0.07020980024766903 0.10341026514684692
2 0.00546875 0.20390625 0.0109375 0.0828125
2 0.056318582298372964 0.06575320933334376 0.058035131926869446 0.0760189709557059
2 0.4734375 0.01328125 0.025 0.0265625
2 0.5120827388323482 0.10491414957114835 0.031506865177646406 0.04131208423309749
2 0.17204424379474698 0.2106494670070136 0.0557448858558109 0.06027557178554286
4 0.196875 0.8546875 0.39375 0.290625
4 0.46328125 0.8546875 0.3515625 0.290625
2 0.7828125 0.853125 0.2875 0.2875