2 0.0703125 0.52890625 0.13125 0.0609375
2 0.04014547849830859 0.1921875 0.07340529121570664 0.0953125
2 0.08894976925497326 0.16796875 0.06957866061076282 0.125
2 0.0896980368429567 0.49296875 0.09786315727678278 0.1078125
3 0.50390625 0.2796875 0.1078125 0.559375
3 0.5375 0.2796875 0.171875 0.559375
3 0.61640625 0.26015625 0.1765625 0.5203125
3 0.684375 0.2671875 0.18125 0.534375
3 0.76484375 0.234375 0.1859375 0.46875
3 0.8578125 0.2671875 0.2 0.534375
3 0.928125 0.271875 0.14375 0.54375
5 0.18671875 0.7921875 0.3734375 0.24375
5 0.221875 0.609375 0.44375 0.1
5 0.3265625 0.8828125 0.246875 0.234375
3 0.875 0.9140625 0.25 0.1
3 0.9291275854755291 0.775 0.09215503333979883 0.171875
3 0.69140625 0.60859375 0.1171875 0.0984375