2 0.2 0.184375 0.4 0.36875
3 0.775 0.228125 0.225 0.28125
3 0.65 0.26015625 0.196875 0.2171875
3 0.54296875 0.25859375 0.2453125 0.2203125
3 0.94609375 0.24296875 0.1078125 0.2515625
3 0.065625 0.7109375 0.13125 0.578125
3 0.10703125 0.6984375 0.2140625 0.603125
3 0.13984375 0.70546875 0.2796875 0.5890625
3 0.21796875 0.71796875 0.3015625 0.5640625
3 0.2640625 0.70234375 0.271875 0.5953125
3 0.3109375 0.72421875 0.178125 0.5515625
3 0.34375 0.68984375 0.1125 0.6203125
6 0.6484375 0.82578125 0.496875 0.3484375