2 0.48046875 0.0953125 0.06171875 0.10078125
2 0.71796875 0.03125 0.03828125 0.0625
2 0.86015625 0.0390625 0.04765625 0.075
2 0.92265625 0.2421875 0.040625 0.06171875
2 0.2546875 0.33203125 0.065625 0.1203125
2 0.32265625 0.478125 0.06015625 0.0859375
2 0.21953125 0.475 0.065625 0.078125
2 0.1984375 0.62421875 0.06328125 0.1015625
2 0.21328125 0.790625 0.05234375 0.11875
2 0.50625 0.53671875 0.05546875 0.075
2 0.5 0.45 0.04375 0.07421875
2 0.584375 0.5375 0.0375 0.071875
2 0.65546875 0.596875 0.03125 0.11953125
2 0.74453125 0.48515625 0.04609375 0.0875
2 0.8171875 0.48125 0.03515625 0.09140625
2 0.86875 0.38359375 0.04375 0.08046875
2 0.68125 0.21953125 0.0328125 0.06484375
2 0.91875 0.23515625 0.03828125 0.06328125
2 0.91015625 0.51171875 0.0328125 0.0875
2 0.95 0.7625 0.04453125 0.0921875
2 0.88515625 0.803125 0.0515625 0.0640625
2 0.65 0.5890625 0.05390625 0.11796875
2 0.5859375 0.540625 0.04375 0.078125
2 0.2328125 0.68046875 0.0453125 0.06796875
2 0.77265625 0.60703125 0.06328125 0.09765625
2 0.95703125 0.33671875 0.040625 0.078125
2 0.878125 0.20625 0.0515625 0.06953125
2 0.96171875 0.2125 0.0234375 0.05546875
2 0.4375 0.03671875 0.05078125 0.0734375
2 0.496875 0.02734375 0.05078125 0.0546875
2 0.1328125 0.0546875 0.04921875 0.0984375
2 0.225 0.13203125 0.06953125 0.05234375
2 0.121875 0.1515625 0.053125 0.09609375
2 0.18359375 0.32890625 0.040625 0.0890625
2 0.4578125 0.18515625 0.021875 0.0578125
2 0.42890625 0.2953125 0.02734375 0.03671875
2 0.12734375 0.51015625 0.0421875 0.09296875
2 0.096875 0.42421875 0.0625 0.10234375
2 0.775 0.36328125 0.0515625 0.0546875