2 0.0609375 0.38125 0.121875 0.275
2 0.19921875 0.20234375 0.2609375 0.1859375
2 0.16484375 0.06328125 0.3296875 0.1265625
2 0.209375 0.39453125 0.228125 0.2484375
2 0.05625 0.0953125 0.1125 0.190625
4 0.7171875 0.228125 0.5 0.45625
4 0.8109375 0.46875 0.378125 0.1
4 0.2203125 0.8859375 0.21875 0.228125
4 0.12716623738460625 0.7464824070675474 0.22348465756743252 0.18508908548249722
4 0.2232684877988909 0.603515502298307 0.18870724317557439 0.14041520290907386
4 0.06875 0.89921875 0.1375 0.2015625
6 0.70234375 0.9609375 0.3171875 0.078125
6 0.8112971807267965 0.7350848110115953 0.3092509913135476 0.35507154399064855
6 0.48125 0.96328125 0.228125 0.0734375