2 0.09296875 0.19453125 0.1859375 0.3890625
4 0.625 0.20546875 0.23125 0.3671875
4 0.825 0.3375 0.28125 0.103125
4 0.94140625 0.07890625 0.1171875 0.1578125
4 0.3474679860353825 0.8303289753228867 0.24389938962701407 0.21476850831327035
4 0.271875 0.94609375 0.30625 0.1078125
4 0.4453125 0.4671875 0.128125 0.15625
4 0.72265625 0.87734375 0.4265625 0.2453125
4 0.75234375 0.7234375 0.4859375 0.428125
4 0.6765625 0.5609375 0.334375 0.215625
4 0.578125 0.45078125 0.1375 0.1234375
4 0.6796875 0.4171875 0.20625 0.05625