2 0.23124171784775543 0.21687182911591057 0.08570987208101152 0.09709384793281668
2 0.16556339365011583 0.18083539712993776 0.11178305556198094 0.12515829117755653
2 0.3193508973024657 0.14256104641934386 0.10274233187624873 0.0966327729789593
2 0.2785224652882191 0.2004946599298642 0.1075606761762697 0.12954540252860855
2 0.37109375 0.109375 0.0578125 0.096875
2 0.3274503983952792 0.0755435271410124 0.09507277412864061 0.11321949568106335
2 0.3640625 0.20703125 0.071875 0.1203125
2 0.33437881580012635 0.20795550894241513 0.09569293494769227 0.11946949568106335
2 0.2798656195214752 0.08103326110188344 0.08399233187624863 0.09543121838316741
2 0.19334918494769227 0.11663199722222284 0.04091088450478395 0.03677810919158371
2 0.1888519024215384 0.17301240514950225 0.05572438962385666 0.07654151603912895
2 0.0739366812953424 0.1571091980251018 0.09539495249053735 0.10081962523071267
2 0.10943325658579553 0.12367493676633483 0.07682418860004211 0.07013082973421944
2 0.09177347040729178 0.22734135487264706 0.08821471126195993 0.09104410703211538
2 0.16160270286444667 0.25044699028239253 0.09118467105719699 0.089681866131414
2 0.23055501829066372 0.29600861659283934 0.1263106761762697 0.13074695712440043
2 0.3261182255263645 0.2811729634459219 0.10788285453816648 0.11714553207825791
2 0.21141360197863007 0.095277431367664 0.08915705044290831 0.08489423658176469
2 0.02421875 0.2875 0.0484375 0.121875
2 0.00625 0.3359375 0.0125 0.11875
2 0.05625 0.37734375 0.1125 0.1453125
2 0.0265625 0.42734375 0.053125 0.0890625
2 0.06619835163363522 0.4624685240586935 0.10132277412864062 0.11362001387966067
2 0.04296875 0.5046875 0.0859375 0.109375
2 0.02265625 0.525 0.0453125 0.06875
2 0.084375 0.54140625 0.1125 0.0359375
5 0.7 0.2796875 0.6 0.559375
2 0.2 0.7796875 0.4 0.440625
2 0.290625 0.64296875 0.21875 0.1671875
2 0.3640625 0.70234375 0.071875 0.1953125
2 0.7 0.7796875 0.6 0.440625