2 0.225 0.26953125 0.45 0.5390625
3 0.58984375 0.0984375 0.2796875 0.196875
3 0.6109375 0.1171875 0.228125 0.234375
3 0.66640625 0.10859375 0.2515625 0.2171875
3 0.66171875 0.12890625 0.1828125 0.2578125
3 0.6665029753597828 0.20225025636157473 0.14214237353571574 0.20238128916129589
3 0.89140625 0.12578125 0.1984375 0.2515625
3 0.92890625 0.12578125 0.1421875 0.2515625
3 0.9484375 0.1328125 0.103125 0.265625
4 0.26015625 0.61953125 0.3796875 0.1609375
4 0.3171875 0.8609375 0.265625 0.278125
4 0.1875 0.74140625 0.375 0.4046875
4 0.08046875 0.6046875 0.1609375 0.13125
2 0.76796875 0.81640625 0.4640625 0.3671875
2 0.725 0.7203125 0.55 0.3625