2 0.11015625 0.18984375 0.2203125 0.3796875
2 0.25703125 0.26953125 0.3859375 0.5390625
6 0.6253616558181475 0.3852954432308296 0.27384485477852927 0.28375155338349145
6 0.94765625 0.42109375 0.1046875 0.2359375
6 0.784375 0.48671875 0.153125 0.1046875
6 0.7878481551934476 0.299234562317921 0.14976689212119307 0.20860036167271767
6 0.934375 0.1859375 0.13125 0.215625
6 0.48515625 0.27265625 0.0703125 0.2734375
6 0.5603473493799445 0.1131684338392894 0.198819698759889 0.1981377055509382
3 0.42890625 0.7109375 0.0421875 0.171875
6 0.725 0.76953125 0.55 0.4609375