3 0.18984375 0.46796875 0.3796875 0.2234375
3 0.18984375 0.43359375 0.3796875 0.2921875
3 0.18984375 0.3890625 0.3796875 0.38125
3 0.18984375 0.34921875 0.3796875 0.4609375
3 0.18984375 0.32265625 0.3796875 0.5109375
3 0.19375 0.26015625 0.371875 0.5046875
3 0.20390625 0.228125 0.3515625 0.45625
3 0.25390625 0.19296875 0.2515625 0.3859375
3 0.246875 0.1546875 0.265625 0.309375
3 0.2671875 0.1015625 0.225 0.203125
4 0.5515625 0.0890625 0.34375 0.178125
4 0.5203125 0.16328125 0.28125 0.3265625
4 0.46015625 0.28984375 0.1609375 0.3609375
4 0.5837698208613702 0.3891394746806835 0.4003661038192622 0.36219880498831075
4 0.71015625 0.190625 0.4109375 0.38125
4 0.80703125 0.0875 0.3859375 0.175
4 0.8125 0.40703125 0.375 0.2890625
4 0.86796875 0.2625 0.2640625 0.396875
3 0.1484375 0.86015625 0.296875 0.2796875
2 0.69296875 0.79375 0.6140625 0.4125
2 0.578125 0.75234375 0.396875 0.3453125