3 0.2734375 0.01171875 0.11875 0.0234375
3 0.07265625 0.1015625 0.1453125 0.153125
2 0.68359375 0.284375 0.3484375 0.440625
2 0.72421875 0.12578125 0.4296875 0.2515625
4 0.3546875 0.74453125 0.309375 0.3703125
4 0.3765625 0.87890625 0.265625 0.2421875
4 0.1453125 0.865625 0.290625 0.26875
2 0.7546875 0.73515625 0.490625 0.3515625
2 0.85546875 0.84140625 0.2890625 0.3171875
2 0.65546875 0.73671875 0.2921875 0.3546875
2 0.60234375 0.8671875 0.1859375 0.265625
2 0.77421875 0.93984375 0.4515625 0.1203125
2 0.7650960754784566 0.8093259199734295 0.2031036910658786 0.2433262766740203