3 0.225 0.0875 0.45 0.175
3 0.225 0.13359375 0.45 0.2671875
3 0.225 0.175 0.45 0.35
3 0.225 0.20625 0.45 0.4125
3 0.225 0.2875 0.45 0.428125
3 0.225 0.3515625 0.45 0.440625
3 0.225 0.44453125 0.45 0.4296875
3 0.225 0.47265625 0.45 0.3734375
3 0.24609375 0.51796875 0.4078125 0.2828125
3 0.68671875 0.5671875 0.4734375 0.184375
3 0.7920922405006033 0.4947476315746745 0.35629202283992145 0.21003513016055492
3 0.6796875 0.40625 0.459375 0.290625
3 0.8016399016273082 0.27628059557092455 0.3733091044771271 0.23796464052814734
3 0.7166673580951718 0.18330299217782278 0.26443871551297526 0.178668970028518
3 0.74375 0.09140625 0.315625 0.1828125
2 0.725 0.8296875 0.55 0.340625
2 0.725 0.865625 0.55 0.26875