3 0.27890625 0.27109375 0.12578125 0.22734375
3 0.38125 0.28125 0.05078125 0.2109375
3 0.4578125 0.26484375 0.08125 0.234375
3 0.54609375 0.26171875 0.05625 0.2140625
3 0.62734375 0.27265625 0.0609375 0.1921875
3 0.70625 0.28046875 0.0703125 0.23046875
3 0.79921875 0.28515625 0.06640625 0.20078125
3 0.8765625 0.26171875 0.05859375 0.22734375
3 0.95546875 0.2734375 0.06328125 0.2265625
3 0.62109375 0.84609375 0.1046875 0.2109375
3 0.75703125 0.87734375 0.084375 0.2421875
3 0.496875 0.84921875 0.09765625 0.16171875
3 0.359375 0.84375 0.11640625 0.20234375
3 0.2265625 0.83984375 0.1171875 0.20390625