3 0.1234375 0.290625 0.246875 0.196875
5 0.29765625 0.4796875 0.1765625 0.18125
5 0.021875 0.58046875 0.04375 0.1484375
5 0.11704830676917047 0.7376768904377057 0.15860567885919252 0.0705670757634536
5 0.1092477356283629 0.68069343786233 0.10953150889724857 0.050988157276782964
5 0.07643257703512552 0.6452181945302898 0.06533583992388792 0.03647937606301603
5 0.049612750457110534 0.6154827681677115 0.04862318380210837 0.08494882697140156
5 0.1078125 0.4984375 0.215625 0.178125
5 0.4078125 0.46484375 0.14375 0.1515625
5 0.45625 0.45 0.140625 0.121875
5 0.503125 0.4390625 0.11875 0.1
5 0.55 0.45390625 0.059375 0.1296875
5 0.20039665905034793 0.6413283067983443 0.2079636917107738 0.1353309484924896
2 0.8671875 0.69453125 0.265625 0.6109375