3 0.13125 0.35625 0.2625 0.325
5 0.70234375 0.421875 0.4671875 0.19375
5 0.6928131921802062 0.21423420313906352 0.3013200598997733 0.38118689974588627
5 0.85390625 0.096875 0.2734375 0.19375
5 0.9515625 0.11171875 0.096875 0.2234375
4 0.10703125 0.6390625 0.2140625 0.240625
4 0.2507655002088057 0.7502718717243242 0.379902456322451 0.3406976786144941
4 0.09609375 0.828125 0.1921875 0.34375
4 0.20278297358668435 0.9146829822194331 0.28289896713794016 0.167215405007558
4 0.37421875 0.7046875 0.1890625 0.30625
6 0.8109375 0.61328125 0.378125 0.1890625
6 0.5828125 0.6671875 0.228125 0.296875