3 0.57265625 0.10078125 0.0921875 0.1609375
3 0.56640625 0.20390625 0.1046875 0.0828125
3 0.56171875 0.28046875 0.1140625 0.1171875
3 0.56171875 0.36875 0.1140625 0.0875
3 0.55546875 0.45078125 0.1265625 0.0890625
3 0.534375 0.53046875 0.16875 0.1046875
3 0.5328125 0.60625 0.171875 0.065625
3 0.06953125 0.4515625 0.1390625 0.1375
3 0.05 0.58359375 0.1 0.1109375
3 0.065625 0.3265625 0.13125 0.121875
3 0.09140625 0.1890625 0.1828125 0.146875
3 0.10390625 0.06484375 0.2078125 0.1296875
4 0.83203125 0.03203125 0.3359375 0.0640625
4 0.93125 0.32109375 0.1375 0.1859375
4 0.9578125 0.1984375 0.084375 0.159375
4 0.6578125 0.34609375 0.078125 0.2046875
4 0.65390625 0.17734375 0.0703125 0.1765625
2 0.58203125 0.78046875 0.0734375 0.2828125
2 0.309375 0.81953125 0.61875 0.3609375
2 0.35078125 0.9359375 0.5359375 0.128125
6 0.809375 0.81953125 0.38125 0.3609375