3 0.1859375 0.159375 0.371875 0.31875
6 0.5875 0.15625 0.375 0.3125
6 0.50859375 0.36796875 0.2171875 0.3234375
6 0.75625 0.1671875 0.3375 0.334375
4 0.259375 0.96171875 0.11875 0.0765625
4 0.353125 0.6484375 0.09375 0.2125
4 0.31796875 0.6015625 0.1640625 0.14375
4 0.2977780783690749 0.7765007901284449 0.14784961404351815 0.18271638939893542
4 0.159375 0.91328125 0.16875 0.1734375
4 0.22251423821828772 0.7679067822525372 0.1506424233743516 0.19690643515657005
4 0.1362062998581953 0.8323516616495329 0.11400229434509228 0.1504779742462447
5 0.7 0.76484375 0.6 0.4703125