3 0.51171875 0.11171875 0.0765625 0.2234375
3 0.4484375 0.2015625 0.203125 0.275
3 0.24161531060173574 0.20117010802610125 0.2522950775066669 0.3171539210548925
3 0.67890625 0.1046875 0.2578125 0.209375
3 0.79140625 0.1640625 0.4171875 0.325
6 0.353125 0.6890625 0.39375 0.428125
6 0.36875 0.9390625 0.3625 0.121875
6 0.165625 0.81875 0.33125 0.3625
6 0.05625 0.53359375 0.1125 0.1671875
6 0.1484375 0.5125 0.296875 0.125
6 0.51015625 0.58046875 0.0796875 0.2609375
2 0.775 0.58125 0.45 0.2625
2 0.775 0.725 0.45 0.55