3 0.471875 0.165625 0.175 0.33125
3 0.221875 0.2296875 0.28125 0.459375
3 0.46796875 0.2296875 0.1828125 0.459375
3 0.05546875 0.26484375 0.1109375 0.3328125
3 0.3625 0.159375 0.221875 0.31875
4 0.784375 0.2296875 0.43125 0.459375
4 0.7203125 0.25546875 0.321875 0.4078125
4 0.2296875 0.8484375 0.459375 0.303125
4 0.23203125 0.72421875 0.4640625 0.5296875
4 0.4078125 0.58828125 0.303125 0.2578125
4 0.390625 0.8578125 0.3375 0.284375
2 0.9295208309073638 0.6199676933844274 0.06729376663882611 0.1035813569862416
2 0.9172828629372299 0.542524739663563 0.06627270715464455 0.0926438569862416
2 0.8774502242100723 0.5104314914776615 0.04991837895165787 0.08428571996293303
2 0.8103023232118437 0.6124503484639032 0.049772513311060605 0.08272321996293322
2 0.7678503681371786 0.8086085858500315 0.04973049126449016 0.06559028366526398
2 0.8703125 0.46875 0.05625 0.01875