2 0.70546875 0.5984375 0.0953125 0.103125
2 0.8511242984962966 0.3006244610310114 0.10547241316955072 0.14266547424624462
2 0.742769892386375 0.1941189827018807 0.08728470282385156 0.10688747091226496
2 0.8421166745188285 0.154833599970905 0.0902733105039836 0.10245506242753395
2 0.81640625 0.03515625 0.0953125 0.0703125
2 0.559375 0.21328125 0.059375 0.0953125
2 0.5817210806287503 0.29143987710178604 0.06812552586424747 0.09129442182065048
2 0.7640625 0.625 0.075 0.05
2 0.9388646762346884 0.47272298845175664 0.08490384890464356 0.07863492515463033
2 0.9196840818823915 0.27476372057390924 0.07000627461060631 0.10235946757828493
2 0.7006372505287255 0.517109943612206 0.04088106426490725 0.0656886439408634
2 0.6953396482588697 0.4045301952791959 0.040380959092057724 0.0485011439408634
2 0.9197392208370474 0.08536638072563005 0.07331313103709718 0.10886455909355411
2 0.9625 0.1515625 0.075 0.125
5 0.13046875 0.825 0.2609375 0.35
2 0.80390625 0.8265625 0.3921875 0.346875