3 0.2109375 0.375 0.421875 0.271875
3 0.29206384790741335 0.35390625 0.3446783426957259 0.2140625
3 0.25445530724859483 0.29609375 0.39337038136536223 0.2359375
3 0.3566990599140949 0.3046875 0.2738749466899989 0.171875
3 0.4441990599140949 0.3046875 0.1921885946849084 0.134375
3 0.36484375 0.084375 0.2890625 0.16875
3 0.3609375 0.05078125 0.309375 0.1015625
3 0.37265625 0.03203125 0.3234375 0.0640625
2 0.784375 0.3 0.43125 0.6
4 0.3578125 0.8 0.421875 0.4
4 0.14765625 0.80546875 0.2953125 0.3890625
4 0.19921875 0.91171875 0.3984375 0.1765625
5 0.67421875 0.9546875 0.2109375 0.090625
5 0.6650308226050483 0.71796875 0.15912155601527206 0.1125
5 0.6246779952657758 0.76171875 0.11030224801081764 0.0796875
5 0.58828125 0.7765625 0.0390625 0.053125
5 0.60625 0.8984375 0.075 0.203125
5 0.6831802912555945 0.83671875 0.22558289735836254 0.184375