3 0.21953125 0.41484375 0.4390625 0.2703125
5 0.5390625 0.10234375 0.2 0.2046875
5 0.8370110613850048 0.37650165715208705 0.11319995764913067 0.12752182757475125
5 0.9640625 0.375 0.071875 0.134375
5 0.9234071036376784 0.43752759715762435 0.09149767447164336 0.1558075138796607
5 0.8640625 0.4828125 0.121875 0.134375
5 0.7677383657379269 0.46193970696751696 0.1366919998036084 0.13839877081949084
5 0.7675207180008632 0.3650146421926923 0.09902837334017515 0.10787066162790708
5 0.7255468414392341 0.3255923943521606 0.15059087334017507 0.11117493676633483
5 0.8312388261175319 0.15964482417866507 0.09780221662612112 0.16558303207825792
5 0.7826104285768599 0.18935330813953613 0.06939541549465282 0.11534320018457009
5 0.7612439678044713 0.2348765592192703 0.04726588544042354 0.07019138648947969
5 0.7422667088274809 0.27273750462347846 0.08788179508134401 0.07123225478036196
5 0.6196195491865606 0.26331483497600683 0.21080218637550008 0.258729859653009
5 0.50625 0.05078125 0.134375 0.1015625
5 0.45859375 0.1984375 0.0390625 0.146875
5 0.717385404376363 0.11639786705426465 0.16690674063022604 0.230926232262828
6 0.32734375 0.87578125 0.2234375 0.2484375
6 0.21953125 0.775 0.4390625 0.45
6 0.23359375 0.60703125 0.4109375 0.1140625
2 0.7015625 0.7875 0.525 0.425