3 0.9234375 0.50703125 0.053125 0.35859375
3 0.8796875 0.253125 0.06875 0.15
3 0.81015625 0.246875 0.059375 0.21328125
3 0.61015625 0.18828125 0.05390625 0.19453125
3 0.44765625 0.18125 0.04765625 0.146875
3 0.38828125 0.1921875 0.05703125 0.16171875
3 0.16796875 0.17265625 0.0546875 0.19140625
3 0.2453125 0.17578125 0.0375 0.1703125
3 0.09296875 0.20234375 0.0359375 0.23125
3 0.11796875 0.4546875 0.0328125 0.18671875
3 0.49140625 0.1859375 0.0375 0.17421875
3 0.68359375 0.378125 0.02265625 0.11171875
3 0.7359375 0.24375 0.059375 0.16953125