3 0.16015625 0.4453125 0.3203125 0.1875
4 0.7375 0.27109375 0.4375 0.5359375
4 0.49375 0.1421875 0.1875 0.284375
4 0.56171875 0.4109375 0.3234375 0.25625
4 0.72890625 0.47734375 0.3359375 0.1234375
3 0.2 0.85546875 0.4 0.2890625
3 0.24453125 0.71953125 0.3109375 0.2578125
3 0.5703125 0.63515625 0.271875 0.1921875
3 0.671875 0.66640625 0.2375 0.2546875
3 0.8847702774108601 0.7986036019379863 0.20770560136854366 0.27249197100406103
3 0.7578077880728603 0.7561181084163914 0.20428970003181668 0.2472917119047624
3 0.43984375 0.58515625 0.0796875 0.0921875
3 0.9640625 0.83515625 0.071875 0.2390625