3 0.33046875 0.17890625 0.1578125 0.3578125
3 0.17578125 0.3751028143358929 0.2125 0.43301165309764633
3 0.07890625 0.09453125 0.1578125 0.1890625
4 0.52421875 0.20078125 0.2296875 0.4015625
4 0.75390625 0.16953125 0.4609375 0.3390625
4 0.80390625 0.4328125 0.3921875 0.353125
4 0.93125 0.24296875 0.1375 0.4859375
4 0.25 0.93828125 0.31875 0.1234375
4 0.1578125 0.80625 0.315625 0.3875
2 0.740625 0.909375 0.51875 0.18125
2 0.68046875 0.7796875 0.5421875 0.340625
2 0.91328125 0.6698421042499846 0.0140625 0.006986984396167806