3 0.06953125 0.078125 0.1265625 0.15625
3 0.1890625 0.26953125 0.121875 0.3796875
3 0.10703125 0.309375 0.0890625 0.3
3 0.03515625 0.28046875 0.0703125 0.2984375
2 0.68984375 0.2296875 0.6203125 0.459375
2 0.3375 0.49765625 0.084375 0.0765625
2 0.3265625 0.5578125 0.10625 0.1
2 0.2984375 0.76328125 0.1625 0.1328125
2 0.05546875 0.49296875 0.1109375 0.0671875
2 0.19439875411049937 0.5160243176435854 0.13257183540139544 0.0910945266917457
2 0.10792456663508743 0.9152032583657759 0.1519773992633658 0.1012335306460784
2 0.36640625 0.98671875 0.0265625 0.0265625
2 0.2698018537618527 0.8772682237653647 0.06791947351689628 0.035486513840164234
2 0.19816715438227134 0.9060418225865012 0.04949725544788173 0.039410009885831696
2 0.03203125 0.82421875 0.0640625 0.0421875
5 0.87421875 0.621875 0.2515625 0.325