3 0.540625 0.1703125 0.240625 0.340625
3 0.5140625 0.109375 0.1875 0.21875
3 0.45859375 0.1421875 0.2046875 0.284375
3 0.45859375 0.0578125 0.1515625 0.115625
3 0.2296875 0.06171875 0.165625 0.1234375
3 0.16640625 0.0703125 0.1578125 0.140625
3 0.12109375 0.06796875 0.1703125 0.1359375
3 0.9046875 0.23203125 0.190625 0.3359375
4 0.50234375 0.8017299249132902 0.234375 0.18670159654926016
4 0.4234375 0.6462122624083726 0.15625 0.13436356436617344
4 0.9046875 0.52578125 0.190625 0.2515625
4 0.9046875 0.66328125 0.190625 0.5015625
4 0.9625 0.82421875 0.075 0.2546875
4 0.9046875 0.9125 0.190625 0.175