3 0.41953125 0.0671875 0.0984375 0.134375
3 0.3609375 0.06875 0.1125 0.1375
3 0.16015625 0.0328125 0.1203125 0.065625
3 0.23125 0.03984375 0.096875 0.0796875
3 0.0796875 0.04453125 0.11875 0.0890625
3 0.0328125 0.2203125 0.065625 0.19375
3 0.44453125 0.08203125 0.0703125 0.1640625
4 0.7453125 0.18984375 0.509375 0.3796875
4 0.83203125 0.23125 0.3359375 0.296875
4 0.6328125 0.18984375 0.30625 0.3796875
4 0.79296875 0.43125 0.1265625 0.103125
4 0.7382123560629971 0.5324540509493947 0.10937609468490823 0.14191398441265973
4 0.5989707794398133 0.8627638998444436 0.147676073360908 0.2132862398605412
4 0.52265625 0.89296875 0.0859375 0.2140625
4 0.6152850280871778 0.7193199024423336 0.13795562802354447 0.18294317599857104
4 0.6223055453930427 0.5163205885803631 0.15734197469763486 0.23894180372251164
4 0.5484375 0.6859375 0.1375 0.196875
4 0.5265625 0.590625 0.09375 0.15
4 0.57265625 0.42421875 0.1703125 0.0890625