6 0.87734375 0.1546875 0.2453125 0.309375
6 0.871875 0.33359375 0.25625 0.2640625
6 0.6515625 0.1421875 0.284375 0.284375
5 0.378125 0.73984375 0.2625 0.5203125
5 0.20078125 0.6890625 0.4015625 0.41875
6 0.8321455784565973 0.6972554457087499 0.2757676386770836 0.25169741208933266
6 0.6911432912218755 0.9066433328165384 0.1671173776591667 0.14176360271317884
6 0.8328125 0.9671875 0.215625 0.065625
6 0.58828125 0.51796875 0.1578125 0.0765625
6 0.86015625 0.5359375 0.2515625 0.1125
6 0.578125 0.63203125 0.1375 0.1859375