3 0.55703125 0.22421875 0.0640625 0.1953125
3 0.4192119864248812 0.14286874112104914 0.13925796884459274 0.2555065908492772
3 0.31875 0.28828125 0.140625 0.2234375
3 0.40625 0.33203125 0.10625 0.1359375
3 0.49453125 0.32109375 0.1265625 0.1578125
2 0.79453125 0.2 0.4109375 0.4
5 0.178125 0.77734375 0.35625 0.4453125
5 0.5328125 0.80859375 0.1125 0.3828125
5 0.40859375 0.6203125 0.3609375 0.3375
4 0.71875 0.8421875 0.259375 0.315625
4 0.8328125 0.490625 0.334375 0.18125
4 0.91015625 0.6765625 0.1796875 0.315625