4 0.15234375 0.21953125 0.3046875 0.4390625
4 0.271875 0.128125 0.075 0.25625
6 0.62421875 0.28046875 0.3015625 0.3171875
6 0.22722245004688224 0.8447962883641308 0.1498919574527388 0.2647288194524762
6 0.05625 0.90625 0.1125 0.1875
6 0.084375 0.7015625 0.16875 0.225
6 0.27734375 0.6734375 0.0640625 0.228125
6 0.28125 0.49609375 0.05625 0.1140625
6 0.1 0.51953125 0.14375 0.1609375
6 0.21927009124284239 0.6011952795927082 0.06954995159900638 0.1443217690095679
6 0.5078125 0.5671875 0.396875 0.25625
6 0.7554434196980655 0.6513355226330034 0.3171794514026147 0.29850562136210745