4 0.1796875 0.11953125 0.278125 0.2390625
4 0.24140625 0.20625 0.1546875 0.30625
4 0.121875 0.296875 0.24375 0.125
4 0.05703125 0.2359375 0.1140625 0.246875
2 0.73046875 0.1796875 0.5390625 0.359375
4 0.159375 0.6796875 0.31875 0.640625
2 0.7765625 0.571875 0.446875 0.425
2 0.5832567496187503 0.6763200598997733 0.4470283088893058 0.4502173793672501
2 0.92421875 0.825 0.1515625 0.334375
2 0.84296875 0.896875 0.3140625 0.20625
2 0.54296875 0.83515625 0.4484375 0.3296875
2 0.34375 0.878125 0.05 0.24375