4 0.309375 0.26484375 0.61875 0.5296875
4 0.28828125 0.36015625 0.5765625 0.3390625
6 0.809375 0.26484375 0.38125 0.5296875
5 0.309375 0.76484375 0.61875 0.4703125
3 0.7203125 0.89375 0.203125 0.2125
3 0.740625 0.8484375 0.24375 0.303125
3 0.76484375 0.809375 0.2921875 0.38125
3 0.77734375 0.784375 0.3171875 0.43125
3 0.8078125 0.7390625 0.378125 0.41875
3 0.809375 0.7109375 0.38125 0.3625
3 0.809375 0.67734375 0.38125 0.2953125
3 0.809375 0.63828125 0.38125 0.2171875
3 0.809375 0.58515625 0.38125 0.1109375