4 0.2 0.17109375 0.4 0.3421875
4 0.2640625 0.11640625 0.271875 0.2328125
4 0.171875 0.22578125 0.34375 0.3265625
6 0.62265625 0.2734375 0.4140625 0.23125
6 0.81640625 0.2453125 0.3671875 0.2875
6 0.915625 0.22265625 0.16875 0.3328125
6 0.71015625 0.0859375 0.3609375 0.171875
6 0.525 0.11015625 0.25 0.2203125
3 0.08046875 0.72109375 0.1609375 0.1859375
3 0.2100603385197511 0.824172021364198 0.15091735965300898 0.21898993664223249
3 0.06171875 0.92734375 0.1234375 0.1453125
3 0.6734375 0.69453125 0.546875 0.6109375