4 0.9203125 0.090625 0.159375 0.14375
4 0.81484375 0.2125 0.24609375 0.2296875
4 0.6359375 0.265625 0.20078125 0.25
4 0.41640625 0.28203125 0.20546875 0.1828125
4 0.1546875 0.41484375 0.240625 0.23203125
4 0.4984375 0.4171875 0.228125 0.284375
4 0.8265625 0.3875 0.26328125 0.16484375
4 0.67734375 0.4578125 0.1515625 0.184375
4 0.85859375 0.48984375 0.19921875 0.14921875
4 0.52421875 0.621875 0.215625 0.2296875
4 0.575 0.7953125 0.19609375 0.17578125
4 0.40859375 0.75390625 0.140625 0.19140625
4 0.34921875 0.50703125 0.1625 0.24140625
4 0.21015625 0.678125 0.2515625 0.303125
4 0.128125 0.8796875 0.240625 0.240625
4 0.0515625 0.7 0.103125 0.18125