4 0.16875 0.47109375 0.3375 0.2171875
4 0.19921875 0.3078125 0.2796875 0.421875
4 0.1296875 0.14921875 0.259375 0.2984375
4 0.21328125 0.11484375 0.2515625 0.2296875
6 0.80859375 0.1796875 0.3828125 0.359375
6 0.5453125 0.11171875 0.4125 0.2234375
6 0.4756251147654342 0.29442872532299774 0.26347151628120075 0.45135745064599553
6 0.93828125 0.36875 0.1234375 0.2875
6 0.6074759803238379 0.37373309839424207 0.2062521585247133 0.3698280459579184
4 0.16875 0.83984375 0.3375 0.3203125
4 0.29296875 0.87578125 0.0921875 0.2484375
4 0.2578125 0.66953125 0.1625 0.1796875
4 0.12734375 0.675 0.2265625 0.190625
4 0.15703125 0.60546875 0.2140625 0.0515625
5 0.9078125 0.80625 0.184375 0.246875
5 0.5282024016273082 0.8857720234403846 0.12127521370395282 0.11522208667404996
5 0.46015625 0.975 0.1328125 0.05
5 0.4340329997728574 0.9163328061369513 0.15425813206674716 0.09086243676633465
5 0.4205226984388049 0.8368257788390554 0.1388721494796016 0.12413601172019222
5 0.4896987443457904 0.7750755528977488 0.13031602103089918 0.13916023442229628
5 0.5715529319304615 0.8363820951550395 0.10335072930778502 0.10005816162790718
5 0.6255443911118587 0.8266053793927657 0.10161116689245624 0.15600777297895912
5 0.71328125 0.984375 0.1640625 0.03125
5 0.7127278878324983 0.9598870511997057 0.11421298620519008 0.0696091980251019
5 0.6846128539113003 0.913703663630492 0.06939845318850324 0.04649307063492074
5 0.6615128686106214 0.8740706647102261 0.06544129353213642 0.08984255243632333
5 0.7297914778374469 0.7803392535437442 0.25102466870147844 0.21385745064599532
5 0.9703125 0.809375 0.059375 0.25625
5 0.8836457389187234 0.6554963471576244 0.14207903663473118 0.12589877081949083
5 0.80546875 0.93359375 0.2265625 0.1328125