4 0.37578125 0.41015625 0.3265625 0.0984375
4 0.33592490622307486 0.24932582677454604 0.27539192720211786 0.3550581126408037
4 0.471875 0.30625 0.215625 0.30625
4 0.38828125 0.1484375 0.2796875 0.296875
4 0.2421875 0.36640625 0.2125 0.1859375
3 0.08359375 0.9390625 0.1671875 0.121875
3 0.415625 0.9296875 0.175 0.140625
3 0.2688480531745716 0.8574114783837004 0.20573289129415606 0.19400064431968717
5 0.93671875 0.64921875 0.1265625 0.3671875
5 0.8682895169720222 0.7527414958126262 0.248493083916172 0.29538818169855396
5 0.7789321011827818 0.8300527588020763 0.2250646742752515 0.2953117720436282
5 0.89453125 0.9375 0.2109375 0.125
5 0.6875 0.5875 0.215625 0.25625