4 0.178125 0.178125 0.35625 0.35625
4 0.46953125 0.16484375 0.3203125 0.3296875
4 0.57421875 0.60078125 0.1109375 0.3921875
4 0.475 0.4421875 0.309375 0.403125
4 0.2347715788263746 0.43598451443793945 0.3340485158066322 0.33301352966144576
4 0.28203125 0.68359375 0.3453125 0.2703125
4 0.0453125 0.38359375 0.090625 0.3140625
4 0.11640625 0.57109375 0.2328125 0.3640625
4 0.11796875 0.75625 0.2359375 0.125
4 0.41796875 0.76171875 0.3078125 0.1140625
4 0.03984375 0.17109375 0.0796875 0.2234375
4 0.51484375 0.04140625 0.2296875 0.0828125
4 0.5921875 0.13671875 0.075 0.2640625
4 0.31484375 0.909375 0.6296875 0.18125
4 0.47265625 0.909375 0.3140625 0.18125
3 0.8578125 0.86171875 0.284375 0.0859375
3 0.9171875 0.88203125 0.165625 0.1265625
3 0.89375 0.909375 0.2125 0.18125
3 0.87890625 0.909375 0.2421875 0.18125
3 0.89375 0.9609375 0.2125 0.078125