4 0.75390625 0.55390625 0.29296875 0.2671875
4 0.6609375 0.2328125 0.2671875 0.271875
4 0.28828125 0.08515625 0.20234375 0.16796875
4 0.1921875 0.23125 0.340625 0.21328125
4 0.39921875 0.3453125 0.34296875 0.228125
4 0.49140625 0.596875 0.271875 0.2265625
4 0.21328125 0.6703125 0.28359375 0.234375
4 0.63984375 0.875 0.24765625 0.25
4 0.4234375 0.82265625 0.303125 0.23359375
4 0.16953125 0.875 0.22265625 0.17265625
4 0.078125 0.58046875 0.15625 0.253125
4 0.82265625 0.75078125 0.171875 0.18125
4 0.8296875 0.90078125 0.159375 0.1984375
4 0.82734375 0.12734375 0.17734375 0.190625
4 0.62578125 0.0640625 0.2328125 0.128125