4 0.14609375 0.19453125 0.2921875 0.3890625
4 0.22578125 0.19453125 0.3484375 0.3890625
4 0.2 0.31015625 0.4 0.1578125
3 0.721875 0.19453125 0.55625 0.3890625
4 0.25859375 0.4671875 0.2828125 0.15625
4 0.35859375 0.5046875 0.0828125 0.23125
4 0.2734375 0.58125 0.253125 0.359375
4 0.10234375 0.47109375 0.2046875 0.1640625
4 0.1430141791053864 0.5461117463498473 0.2277442989592032 0.23501374837514694
4 0.04765625 0.50078125 0.0953125 0.2234375
4 0.2013678324301753 0.7581793238665572 0.3079098337849123 0.30510015178371364
4 0.103125 0.8859375 0.20625 0.228125
4 0.24140625 0.90390625 0.2203125 0.1921875
4 0.3390625 0.72421875 0.121875 0.2921875
4 0.33203125 0.87109375 0.1359375 0.2578125