4 0.190625 0.23359375 0.234375 0.1515625
4 0.3328125 0.1640625 0.2125 0.290625
2 0.77421875 0.034375 0.0484375 0.06875
2 0.8085357063718688 0.06788411427754255 0.03190927956950453 0.08206835391920819
2 0.8875 0.0109375 0.03125 0.021875
2 0.8035891871414463 0.14049490017091984 0.0409204065339754 0.07452863855894432
2 0.8445180940897064 0.21913437720966628 0.04299232878371626 0.08551160266556704
2 0.453125 0.0328125 0.028125 0.065625
4 0.2652395864367113 0.626924145156355 0.12865165467194864 0.28305184389007837
4 0.1777010450803825 0.6587986192921075 0.12846756410140792 0.2455973079967011
4 0.35492497870266304 0.5489559210206024 0.11676377667402046 0.19532452335696499
4 0.71953125 0.49921875 0.5609375 0.3796875
4 0.89765625 0.61953125 0.2046875 0.6140625
4 0.7 0.8296875 0.521875 0.340625