4 0.19765625 0.2125 0.3046875 0.334375
4 0.175 0.125 0.35 0.25
2 0.5222011628645249 0.15471327421557693 0.13519462523071263 0.0942482526208936
2 0.6750164797988178 0.18615663402546953 0.10001858883351815 0.07954540252860856
2 0.6603810857511991 0.08672713294573535 0.09406897748246604 0.08383238433001132
2 0.80625 0.03671875 0.115625 0.0734375
2 0.95390625 0.02265625 0.0921875 0.0453125
2 0.753125 0.346875 0.0875 0.065625
2 0.665625 0.35703125 0.084375 0.0453125
2 0.8665204642211142 0.05095391194167427 0.07860466378737563 0.06105621838316742
2 0.365625 0.0671875 0.03125 0.075
2 0.5110319278239197 0.08618331971207019 0.09891716378737563 0.06235790252860855
2 0.39765625 0.37421875 0.0640625 0.0109375
2 0.5045363942045024 0.33323879241417426 0.04439035009228505 0.03707849784053163
2 0.684375 0.01015625 0.103125 0.0203125
2 0.59609375 0.0109375 0.1171875 0.021875
4 0.175 0.50859375 0.35 0.2578125
4 0.021875 0.69375 0.04375 0.228125
4 0.13828125 0.63828125 0.2765625 0.2109375
2 0.675 0.72890625 0.65 0.5421875