4 0.04765625 0.41953125 0.0953125 0.2359375
4 0.09921875 0.53203125 0.1984375 0.1890625
4 0.04765625 0.69296875 0.0953125 0.1328125
4 0.18511073746347187 0.34428315790506475 0.2581073599917364 0.22290181977759857
4 0.48203125 0.0515625 0.0953125 0.103125
4 0.71796875 0.57578125 0.3765625 0.3671875
4 0.93984375 0.6046875 0.1203125 0.2875
6 0.24296875 0.9703125 0.3390625 0.059375
6 0.17594033168763873 0.8789483677011969 0.3270015239356946 0.1644196863824873
6 0.44453125 0.8765625 0.1703125 0.2125
2 0.740625 0.88046875 0.421875 0.2390625
2 0.927243686076701 0.9161011050025071 0.014171602773541635 0.00517857332097762
2 0.7328125 0.7984375 0.40625 0.078125