4 0.225196952500922 0.2787532592362968 0.13531334361388012 0.17187358294074057
4 0.275530014654853 0.40253322035782474 0.11798614126984167 0.14394407257314795
4 0.3928572169988914 0.36585484363763976 0.17243141424880087 0.24193180471268488
4 0.4625 0.4609375 0.153125 0.078125
4 0.49177677591361996 0.4224575752115289 0.11536178901808825 0.15148317049962934
4 0.44652004241417426 0.20733971460838058 0.18282869370616517 0.21021291300675893
4 0.47109375 0.11328125 0.2296875 0.2265625
3 0.89375 0.3671875 0.2125 0.265625
4 0.50390625 0.73984375 0.3296875 0.4796875
4 0.44609375 0.759375 0.4453125 0.48125
4 0.33984375 0.89765625 0.2484375 0.2046875
4 0.11875 0.90703125 0.2375 0.1859375