4 0.21328125 0.19921875 0.3515625 0.3984375
4 0.1703125 0.11953125 0.340625 0.2390625
3 0.69453125 0.2046875 0.6109375 0.409375
5 0.159375 0.67734375 0.31875 0.3484375
5 0.2828125 0.55078125 0.2125 0.2828125
5 0.31640625 0.49140625 0.1453125 0.1640625
5 0.07109375 0.8546875 0.1421875 0.290625
5 0.15234375 0.87890625 0.2421875 0.2421875
5 0.35234375 0.8171875 0.0734375 0.165625
4 0.7015625 0.4875 0.484375 0.15625
4 0.86328125 0.75546875 0.2734375 0.4890625
4 0.5484375 0.74296875 0.31875 0.5140625
4 0.49765625 0.515625 0.2171875 0.2125
4 0.70078125 0.7734375 0.5265625 0.453125