4 0.16953125 0.17890625 0.3390625 0.3578125
4 0.26875 0.159375 0.140625 0.31875
4 0.190625 0.375 0.296875 0.35
3 0.94296875 0.4546875 0.1140625 0.190625
3 0.79375 0.5046875 0.09375 0.090625
3 0.73359375 0.5078125 0.1078125 0.084375
3 0.390625 0.4354134359402678 0.0953125 0.1963978040764367
3 0.83359375 0.4875 0.0953125 0.125
3 0.9484375 0.2614644022470241 0.059375 0.11804289434269818
4 0.16953125 0.775 0.3390625 0.45
4 0.125 0.775 0.25 0.45
5 0.809375 0.91640625 0.38125 0.1671875
5 0.8671875 0.8359375 0.265625 0.24375
5 0.68203125 0.89453125 0.2203125 0.2109375
5 0.853125 0.7030807624798767 0.2171875 0.1984003240430278
5 0.671875 0.7692199267891661 0.2125 0.17921272712123565
5 0.7421875 0.65546875 0.371875 0.2109375
5 0.68828125 0.6125 0.3578125 0.125