5 0.1796875 0.23984375 0.359375 0.4796875
4 0.7758344244090871 0.3517252792871005 0.2254363146182751 0.2406603787873866
4 0.6609375 0.11015625 0.28125 0.2203125
4 0.63359375 0.3796875 0.3328125 0.2
4 0.4625 0.38984375 0.20625 0.1796875
4 0.3859375 0.30234375 0.053125 0.1765625
4 0.5557243841802286 0.26524662596231163 0.2744858198140552 0.20742515490666857
4 0.465625 0.13203125 0.2125 0.2640625
6 0.1796875 0.73984375 0.359375 0.5203125
6 0.68203125 0.91015625 0.6359375 0.1796875
6 0.82109375 0.70078125 0.3578125 0.4421875