5 0.19453125 0.26484375 0.3890625 0.5296875
5 0.19453125 0.10625 0.3890625 0.2125
2 0.69453125 0.26484375 0.6109375 0.5296875
3 0.0859375 0.84140625 0.171875 0.3109375
3 0.2531684955390684 0.7963256372975781 0.1764842280826075 0.2740730787839033
3 0.3265625 0.65078125 0.125 0.2421875
3 0.93828125 0.56796875 0.1234375 0.0765625
3 0.93828125 0.6125 0.1234375 0.1625
3 0.959375 0.69921875 0.08125 0.1453125
3 0.47265625 0.76875 0.1671875 0.1875
3 0.48671875 0.90546875 0.1953125 0.1796875
3 0.4375 0.65625 0.096875 0.159375