5 0.15796713920078176 0.23315505846651224 0.11971120248167448 0.11428789474292937
5 0.13819595255854908 0.3716628197974711 0.131916271539425 0.08912075658579557
5 0.0853712373395259 0.31716553727131724 0.15513525025210156 0.08832135965723911
5 0.05546875 0.25625 0.1109375 0.121875
5 0.08390656234936114 0.16059335890942047 0.12603761213660053 0.13819051535721805
5 0.17912622720006724 0.1635583863165017 0.10164961733238069 0.10008245249053722
5 0.223881352326118 0.12265355078790323 0.09631726114786483 0.15696471126195988
5 0.3711719795458558 0.23527453031161247 0.16483803218308674 0.09393910088581663
5 0.3491055914303548 0.18470769369020043 0.11487088317182241 0.06725785453816649
5 0.30804890269443513 0.16162754932118037 0.06991901609154336 0.04572922880480501
5 0.27296906234936114 0.1418334941331087 0.06215007475773362 0.08995644737146469
5 0.29921875 0.06171875 0.2484375 0.1234375
5 0.409375 0.1203125 0.18125 0.165625
5 0.75 0.234375 0.5 0.46875
5 0.25 0.734375 0.5 0.53125
2 0.75 0.734375 0.5 0.53125