5 0.2546875 0.2546875 0.509375 0.509375
4 0.7546875 0.2796875 0.490625 0.35625
4 0.85546875 0.0984375 0.2890625 0.196875
4 0.96484375 0.21171875 0.0703125 0.3015625
4 0.91015625 0.4015625 0.1796875 0.215625
4 0.703125 0.43984375 0.3875 0.1390625
4 0.65234375 0.05625 0.2859375 0.1125
2 0.240625 0.875 0.48125 0.25
2 0.2546875 0.740625 0.509375 0.353125
2 0.2546875 0.6109375 0.509375 0.203125
2 0.375 0.56171875 0.26875 0.1046875
4 0.74609375 0.8109375 0.4734375 0.378125
4 0.7546875 0.95390625 0.490625 0.0921875