5 0.34453125 0.3296875 0.6890625 0.659375
2 0.96015625 0.05859375 0.0796875 0.1171875
2 0.96796875 0.21015625 0.0640625 0.1015625
2 0.8885993160114424 0.17220978530677788 0.09360790252860837 0.09683981818121908
2 0.8112381747416008 0.3053847495929629 0.09959708667404969 0.11723413879807013
2 0.7610310163528959 0.46640802434972917 0.09737325262089369 0.13124209172016954
2 0.8211953632059785 0.36969271144351595 0.07073160703211548 0.0808329886359143
2 0.91015625 0.03515625 0.0734375 0.0703125
2 0.7899615569121436 0.17361655235290643 0.07692105027685514 0.10435230925276535
2 0.7950378855666289 0.08219666558343128 0.09969721622369913 0.11879663879807004
2 0.34453125 0.8296875 0.6890625 0.340625
4 0.7859375 0.6875 0.19375 0.05625
4 0.9015625 0.7296875 0.196875 0.140625