5 0.39921875 0.75234375 0.153125 0.2
5 0.75625 0.5421875 0.09609375 0.084375
5 0.79453125 0.41015625 0.11796875 0.05390625
5 0.83828125 0.48046875 0.14296875 0.04453125
5 0.86875 0.55390625 0.11171875 0.08671875
5 0.8171875 0.6375 0.09765625 0.10859375
5 0.72578125 0.60546875 0.08046875 0.07578125
5 0.67734375 0.6328125 0.0578125 0.1390625
5 0.55078125 0.475 0.15234375 0.046875
5 0.56484375 0.53203125 0.10703125 0.03359375
5 0.6015625 0.56796875 0.06328125 0.0265625
5 0.63203125 0.5984375 0.04140625 0.078125
5 0.5890625 0.71328125 0.2078125 0.146875
5 0.29296875 0.7875 0.11796875 0.2203125
5 0.24609375 0.81015625 0.1171875 0.209375
5 0.20078125 0.8234375 0.0984375 0.19296875
5 0.1421875 0.78828125 0.053125 0.19453125
5 0.47109375 0.8875 0.11640625 0.0890625
5 0.47734375 0.5703125 0.19765625 0.1046875