5 0.184375 0.284375 0.36875 0.56875
4 0.40390625 0.059375 0.0703125 0.11875
4 0.4131478771508042 0.18192703476157232 0.08352154800821018 0.1247668762235353
4 0.46640625 0.4984375 0.1046875 0.140625
4 0.56796875 0.52265625 0.1203125 0.0921875
4 0.48696158529091405 0.3832142270496912 0.10405221662612103 0.16297620435383653
4 0.5318615157144857 0.18403019338442722 0.10753174063022612 0.22402283175849824
4 0.5628519195998696 0.36181788748664473 0.10258062021691713 0.17854664065150558
4 0.6125751845287882 0.2733803808632228 0.07578177088084707 0.1369940577118811
4 0.61640625 0.0671875 0.1359375 0.134375
4 0.66796875 0.02890625 0.1578125 0.0578125
6 0.52578125 0.784375 0.3140625 0.43125
6 0.7953125 0.784375 0.409375 0.43125