5 0.159375 0.21953125 0.31875 0.4390625
2 0.4599818853039559 0.06554358652290446 0.1355204240133631 0.11098194509136965
2 0.5790398732893202 0.1621244321969107 0.1009454293443632 0.09058540099822858
2 0.6067659786362286 0.05964471630675623 0.09474997334499946 0.0946894384358393
2 0.755712008633047 0.06915204762971203 0.11666133601209036 0.09985655740420181
2 0.9096631646244566 0.11799259921057721 0.13068747334499947 0.09804434816957767
2 0.5791473192632305 0.35409313373601475 0.08837270401018138 0.08316847587345003
2 0.49826094593413933 0.33042814704707546 0.0851204346753633 0.07193924459225531
2 0.5546875 0.41875 0.08125 0.040625
2 0.5578125 0.41796875 0.0875 0.0421875
2 0.7988892966263655 0.11428655969298704 0.0804329346753633 0.07150164767046334
2 0.478125 0.015625 0.096875 0.03125
2 0.37223534261618413 0.22903494675575714 0.04418635200509069 0.04158423793672501
3 0.159375 0.91875 0.31875 0.1625
3 0.159375 0.9234375 0.31875 0.153125
3 0.2640625 0.721875 0.109375 0.190625
3 0.159375 0.859375 0.31875 0.265625
3 0.159375 0.5828125 0.31875 0.2875
6 0.59609375 0.85078125 0.5546875 0.2984375