5 0.2546875 0.23984375 0.509375 0.4796875
2 0.5953125 0.18203125 0.171875 0.3640625
2 0.61796875 0.425 0.2171875 0.109375
2 0.7921875 0.13984375 0.353125 0.2796875
2 0.8203125 0.346875 0.359375 0.265625
2 0.01875 0.5609375 0.0375 0.096875
2 0.12927090612487896 0.6069589864222974 0.0973204275949012 0.08220482622365459
2 0.10390625 0.51328125 0.0921875 0.0671875
2 0.2453125 0.4921875 0.1125 0.025
2 0.22633732454639804 0.779743310015116 0.08478406615858276 0.07522678413027997
2 0.13968675223949517 0.7864112679923284 0.08314884328594588 0.06263577886860787
2 0.24318900214129932 0.8572613652626705 0.07842498184962743 0.056112763083592296
2 0.3169583002477053 0.9185698625612474 0.12219316256778665 0.061785910410404196
2 0.3075605743500063 0.9141175809912163 0.1270079275949012 0.08393392619541977
2 0.2470997973208391 0.85827012841685 0.0862829336450254 0.0643802893919517
2 0.30703125 0.49921875 0.0765625 0.0390625
2 0.7546875 0.73984375 0.490625 0.5203125