6 0.1629401834022696 0.22033730942108756 0.23170562802354447 0.1747737827847038
6 0.32109375 0.11875 0.0953125 0.2
6 0.32578125 0.28359375 0.0859375 0.1578125
6 0.32421875 0.4375 0.0890625 0.20625
6 0.11953125 0.48203125 0.2390625 0.1984375
6 0.33828125 0.61171875 0.0609375 0.0953125
6 0.13671875 0.63125 0.2734375 0.05625
6 0.021875 0.32109375 0.04375 0.1609375
3 0.684375 0.3203125 0.63125 0.2125
3 0.6765625 0.1125 0.615625 0.221875
3 0.684375 0.48125 0.63125 0.246875
3 0.68984375 0.59375 0.6203125 0.13125
2 0.184375 0.8296875 0.36875 0.340625
2 0.684375 0.8296875 0.63125 0.340625