6 0.27265625 0.25 0.4734375 0.5
5 0.8690103725105203 0.20275562120708196 0.2399256286706059 0.26866925344036996
5 0.5390625 0.14140625 0.059375 0.1140625
5 0.5703125 0.1453125 0.121875 0.159375
5 0.5967112426587878 0.34819809443962874 0.16028771397248337 0.12929510367592556
5 0.6135192859426987 0.2932467542888418 0.11221231252120453 0.09081907257314796
5 0.6003942925661205 0.24272934443962874 0.06904266587924912 0.05900314458064813
5 0.5901214806778883 0.20029783666393436 0.07649306733052796 0.09392494872768502
5 0.6866542294967619 0.12881239886948972 0.26114586424263575 0.25183306795499955
5 0.93359375 0.2328125 0.1328125 0.26875
5 0.96171875 0.23984375 0.0765625 0.2578125
5 0.87734375 0.0609375 0.1484375 0.121875
5 0.7085316855798789 0.31017926753115627 0.2299851442797028 0.2070482482565737
5 0.2546875 0.75 0.509375 0.5
3 0.6296875 0.57421875 0.203125 0.1484375
3 0.73828125 0.59609375 0.1703125 0.1921875
3 0.8539508569014236 0.6722273740818041 0.2081845553496283 0.2518727327051849
3 0.9296875 0.74765625 0.140625 0.2515625