6 0.1546875 0.28984375 0.309375 0.4203125
6 0.12265625 0.584375 0.2453125 0.26875
9 0.542075262585197 0.3196801991631194 0.21459215421934558 0.2106021984757483
9 0.61640625 0.59296875 0.4546875 0.2515625
9 0.5531605872592378 0.13213474736772138 0.1673625982129911 0.19001698770335987
9 0.43359375 0.15 0.0890625 0.140625
9 0.82421875 0.05234375 0.2421875 0.1046875
9 0.8243401120160041 0.17039677488786786 0.1859489569792892 0.18075107201231527
9 0.24609375 0.88046875 0.2859375 0.2390625
9 0.159375 0.76875 0.278125 0.1
8 0.6765625 0.94765625 0.575 0.1046875