6 0.48984375 0.2796875 0.2203125 0.44375
6 0.36875 0.19140625 0.4625 0.3828125
6 0.06953125 0.19609375 0.1390625 0.3921875
6 0.23984375 0.4421875 0.2921875 0.215625
6 0.053125 0.43359375 0.10625 0.2328125
6 0.5625 0.346875 0.075 0.40625
7 0.77265625 0.275 0.3453125 0.55
7 0.87890625 0.2859375 0.2421875 0.475
7 0.8578125 0.50234375 0.284375 0.0953125
9 0.13828125 0.93203125 0.2765625 0.1359375
9 0.37109375 0.95546875 0.3390625 0.0890625
9 0.08828125 0.70390625 0.1765625 0.3078125
9 0.2473225705933058 0.7753785425160835 0.31240337364711995 0.301086623699004
9 0.45859375 0.84609375 0.2828125 0.3015625
6 0.80859375 0.6203125 0.2140625 0.140625