42 0.065625 0.51015625 0.13125 0.2171875
2 0.95546875 0.44296875 0.0890625 0.1609375
2 0.94296875 0.54765625 0.1140625 0.1421875
2 0.8971388998444436 0.45045891242068803 0.14065712303236388 0.20598215988879928
2 0.97265625 0.27109375 0.0546875 0.1296875
2 0.96015625 0.3578125 0.0796875 0.1375
2 0.912239739937416 0.54809780425332 0.10216306956195353 0.12358632213985139
2 0.7972906272197378 0.06400800253188872 0.07810285668871879 0.0915724303072194
2 0.771875 0.02890625 0.103125 0.0578125
2 0.922618409150723 0.06368559871835719 0.09674359604505725 0.09066469473518964
2 0.8470339011049512 0.08062507285764153 0.09914733020561535 0.12503969473518964
2 0.9796875 0.07890625 0.040625 0.0921875
2 0.96796875 0.0375 0.0640625 0.075
2 0.9237495843929893 0.14830613537884604 0.09849176634364483 0.11566469473518959
2 0.8858725259789004 0.11878976096940921 0.08766352698730664 0.11684524881887359
2 0.93671875 0.02109375 0.0765625 0.0421875
2 0.79609375 0.021875 0.0484375 0.04375
2 0.678125 0.01484375 0.08125 0.0296875
2 0.7171332336563551 0.045545690010684224 0.08547831411407199 0.08559524881887363
2 0.7370526137260844 0.11907495924797792 0.11778806956195353 0.12413195916315986
2 0.8238370657035559 0.16596237213200213 0.09972648441265974 0.11103175843752044
2 0.55390625 0.0140625 0.1078125 0.028125
2 0.50546875 0.0234375 0.0734375 0.046875
2 0.5296875 0.06875 0.121875 0.1375
2 0.48515625 0.08359375 0.0328125 0.0859375
2 0.49921875 0.1375 0.0609375 0.109375
2 0.48515625 0.5640625 0.0328125 0.109375
2 0.35546875 0.809375 0.2265625 0.38125
2 0.20625 0.809375 0.4125 0.38125