6 0.26796875 0.259375 0.2015625 0.51875
6 0.12265625 0.2703125 0.2453125 0.471875
4 0.52421875 0.40625 0.3109375 0.225
4 0.5375 0.203125 0.3375 0.40625
4 0.81875 0.27734375 0.3625 0.4671875
4 0.6625 0.059375 0.5875 0.11875
5 0.184375 0.859375 0.36875 0.28125
5 0.2484375 0.71875 0.240625 0.190625
5 0.08984375 0.64609375 0.1796875 0.1921875
5 0.290625 0.59375 0.15625 0.15
5 0.13671875 0.559375 0.2078125 0.08125
3 0.921875 0.759375 0.15625 0.48125
3 0.88359375 0.759375 0.2328125 0.48125
3 0.796875 0.759375 0.25 0.48125
3 0.70703125 0.759375 0.1953125 0.48125
3 0.65390625 0.759375 0.2171875 0.48125
3 0.59765625 0.759375 0.2390625 0.48125
3 0.4703125 0.759375 0.203125 0.48125