6 0.8890625 0.4109375 0.2109375 0.31953125
6 0.68515625 0.509375 0.19453125 0.25546875
6 0.91875 0.74296875 0.1625 0.30703125
6 0.60546875 0.75546875 0.24765625 0.26953125
6 0.3984375 0.7890625 0.14453125 0.2484375
6 0.36484375 0.521875 0.16484375 0.25
6 0.2234375 0.43359375 0.12109375 0.22890625
6 0.2953125 0.271875 0.09453125 0.15234375
6 0.415625 0.35859375 0.09296875 0.2140625
6 0.56328125 0.42734375 0.096875 0.1859375
6 0.57578125 0.25625 0.10703125 0.1171875
6 0.4671875 0.1953125 0.1171875 0.13046875
6 0.6203125 0.059375 0.1234375 0.11875
6 0.4703125 0.06328125 0.15546875 0.1265625
6 0.30625 0.16484375 0.10859375 0.09453125
6 0.17109375 0.2 0.1140625 0.11796875
6 0.1796875 0.10625 0.15 0.090625
6 0.05390625 0.1796875 0.1078125 0.134375
6 0.1203125 0.3515625 0.13671875 0.1796875
6 0.18203125 0.58828125 0.16484375 0.078125
6 0.04453125 0.5484375 0.0890625 0.12265625
6 0.1390625 0.71875 0.14609375 0.1609375
6 0.18515625 0.91328125 0.153125 0.17265625