6 0.5578125 0.30625 0.1625 0.18125
6 0.56328125 0.603125 0.1515625 0.09375
6 0.44609375 0.559375 0.2421875 0.18125
6 0.38936563093509335 0.427146366504484 0.22298155585660825 0.20123628883482797
6 0.3502611080951718 0.2472861496819713 0.21147084577069997 0.1902351563212707
6 0.4935297512431955 0.19422984825591555 0.16879202283992142 0.18061471662612102
6 0.24625528154634874 0.14046345705995536 0.1687234237898611 0.11969539734428025
6 0.103125 0.26640625 0.20625 0.2109375
6 0.21815901628120074 0.3792896077238853 0.18311347241038015 0.12602721057599683
6 0.09375 0.54375 0.1875 0.18125
6 0.24921875 0.59453125 0.1796875 0.1109375
6 0.07421875 0.12734375 0.1484375 0.1296875
6 0.2640625 0.05546875 0.18125 0.1109375
6 0.4296875 0.01640625 0.2 0.0328125
6 0.4530951017635939 0.07840486035616397 0.1904346494796016 0.1166976623713949
6 0.57109375 0.0390625 0.1359375 0.078125
6 0.59453125 0.1546875 0.0890625 0.165625
5 0.91953125 0.32890625 0.1609375 0.6421875
5 0.8078125 0.325 0.3375 0.65
5 0.31953125 0.825 0.6390625 0.35
4 0.81953125 0.70859375 0.3609375 0.1171875
4 0.81953125 0.821875 0.3609375 0.34375
4 0.7015625 0.8375 0.125 0.325