6 0.121875 0.09140625 0.24375 0.1828125
6 0.18409581502339334 0.19705847224036788 0.23250018641441503 0.20898316351699647
10 0.7546875 0.2546875 0.490625 0.509375
8 0.06640625 0.6875 0.1328125 0.228125
8 0.15703125 0.546875 0.3140625 0.075
8 0.3008401571377874 0.724751874787955 0.290765709076333 0.23125995680090705
8 0.32734375 0.59140625 0.2859375 0.1640625
9 0.68671875 0.75703125 0.3546875 0.4859375
9 0.6578125 0.6 0.296875 0.18125
9 0.91640625 0.79765625 0.1671875 0.2390625
9 0.9234375 0.93359375 0.153125 0.1328125