6 0.27109375 0.3484375 0.4578125 0.38125
6 0.27109375 0.1703125 0.4578125 0.340625
2 0.54140625 0.19765625 0.0828125 0.0953125
2 0.8225938774900484 0.0765625 0.1402668557412185 0.10625
2 0.9375569857027249 0.19453125 0.10512785178688588 0.0875
2 0.959375 0.096875 0.08125 0.090625
2 0.9313255262346353 0.38671875 0.09387201680591417 0.0796875
2 0.8516406848278726 0.3484375 0.08873884783255334 0.06875
2 0.9053797915576745 0.459375 0.08373301285158127 0.0609375
2 0.9359375 0.525 0.125 0.028125
2 0.5729519521280781 0.43046875 0.07566584486680376 0.0546875
2 0.93125 0.515625 0.134375 0.046875
2 0.907819042051966 0.46171875 0.09192751482874754 0.0703125
2 0.51328125 0.13515625 0.0265625 0.0734375
2 0.84296875 0.021875 0.1015625 0.04375
2 0.6163186556646689 0.21015625 0.06421900889724856 0.0421875
2 0.7293916586304185 0.22421875 0.046967841901054186 0.040625
4 0.278125 0.78203125 0.44375 0.4359375
4 0.3609375 0.65078125 0.278125 0.2234375
4 0.75 0.86875 0.5 0.2625
4 0.62578125 0.9 0.2515625 0.2
4 0.76875 0.8046875 0.4625 0.375
4 0.78515625 0.6796875 0.4296875 0.28125