6 0.1109375 0.1 0.221875 0.2
2 0.66484375 0.26484375 0.4515625 0.5296875
2 0.778125 0.48203125 0.3875 0.0953125
6 0.20625 0.76484375 0.4125 0.4703125
6 0.38125 0.79453125 0.115625 0.4109375
4 0.7578125 0.95 0.28125 0.1
4 0.8953125 0.80703125 0.209375 0.3203125
4 0.634375 0.87734375 0.35 0.2453125
4 0.503125 0.925 0.128125 0.15
4 0.56796875 0.75703125 0.2578125 0.3046875
4 0.5046875 0.63515625 0.13125 0.2109375
4 0.60546875 0.61953125 0.2234375 0.1796875
4 0.7461688794499238 0.7973874093421198 0.2685420481398335 0.29312082884638346
4 0.8140625 0.65546875 0.371875 0.2515625
4 0.934375 0.5703125 0.13125 0.08125