6 0.19609375 0.7375 0.16015625 0.18125
6 0.06015625 0.67265625 0.11171875 0.18671875
6 0.0390625 0.46171875 0.078125 0.2140625
6 0.17890625 0.371875 0.10859375 0.12578125
6 0.23125 0.55546875 0.1234375 0.13515625
6 0.28671875 0.3890625 0.06171875 0.1625
6 0.41953125 0.53203125 0.09375 0.1796875
6 0.4640625 0.28046875 0.10625 0.20625
6 0.58671875 0.5703125 0.1234375 0.1734375
6 0.6578125 0.390625 0.0609375 0.1328125
6 0.6171875 0.25078125 0.08515625 0.1171875
6 0.715625 0.15 0.084375 0.13828125
6 0.59375 0.0953125 0.09453125 0.13984375
6 0.54765625 0.4015625 0.06875 0.159375
6 0.8640625 0.59296875 0.12265625 0.209375
6 0.72578125 0.53515625 0.1015625 0.2046875
6 0.5984375 0.74140625 0.10703125 0.13125
6 0.47734375 0.6953125 0.09375 0.1640625
6 0.34140625 0.71328125 0.1140625 0.1640625
6 0.271875 0.87265625 0.11484375 0.12890625
6 0.13671875 0.9234375 0.096875 0.103125
6 0.03671875 0.93515625 0.07109375 0.1296875
6 0.88515625 0.80390625 0.1390625 0.19140625
6 0.94765625 0.478125 0.10390625 0.15