6 0.34765625 0.2546875 0.6234375 0.509375
6 0.23359375 0.2546875 0.4671875 0.509375
6 0.9109375 0.425 0.178125 0.16875
6 0.92890625 0.228125 0.1421875 0.30625
6 0.8578125 0.10546875 0.2375 0.2109375
6 0.73359375 0.17578125 0.1484375 0.3078125
6 0.7973683262963418 0.369298192457755 0.26575886691824024 0.2600744375636136
6 0.60234375 0.7578125 0.1140625 0.484375
6 0.509375 0.68671875 0.3 0.3546875
6 0.3515625 0.653125 0.45 0.2875
6 0.1796875 0.60234375 0.359375 0.1859375
6 0.79296875 0.70390625 0.2671875 0.3890625