6 0.26953125 0.33046875 0.2609375 0.1390625
6 0.19140625 0.2 0.3828125 0.4
4 0.7 0.2 0.6 0.4
6 0.15859375 0.4625 0.2359375 0.125
6 0.28828125 0.49453125 0.2234375 0.1890625
6 0.37734375 0.53046875 0.0453125 0.2296875
6 0.33203125 0.81953125 0.1359375 0.3234375
6 0.31007444387319544 0.6452377727149526 0.15179482026407384 0.1931429901980554
6 0.11879675004648274 0.7709917540060178 0.21255595447712922 0.2496267275213885
6 0.0828125 0.584375 0.165625 0.19375
6 0.03984375 0.45703125 0.0796875 0.1140625
6 0.19375 0.9328125 0.253125 0.134375
2 0.7 0.75859375 0.6 0.4828125