6 0.12890625 0.23984375 0.2578125 0.4796875
6 0.19765625 0.396875 0.3953125 0.165625
6 0.26953125 0.1578125 0.3609375 0.315625
3 0.634375 0.33671875 0.15 0.2859375
3 0.678125 0.32109375 0.2375 0.3171875
3 0.71796875 0.3015625 0.3171875 0.35625
3 0.74375 0.29140625 0.36875 0.3765625
3 0.7734375 0.2625 0.428125 0.434375
3 0.7796875 0.24609375 0.440625 0.4671875
3 0.809375 0.23984375 0.38125 0.4796875
3 0.84609375 0.23984375 0.3078125 0.4796875
3 0.9 0.23984375 0.2 0.4796875
5 0.378125 0.7421875 0.3625 0.515625
5 0.30390625 0.59921875 0.5109375 0.2390625
3 0.62578125 0.75390625 0.1328125 0.3109375
3 0.63515625 0.8375 0.1515625 0.271875