6 0.1546875 0.059375 0.309375 0.11875
6 0.2546875 0.1328125 0.3125 0.265625
6 0.04375 0.2125 0.0875 0.346875
6 0.1981049810348908 0.36342319232742837 0.3691952497101359 0.35198169827935677
6 0.359375 0.48515625 0.2625 0.2890625
6 0.471875 0.26015625 0.175 0.2984375
6 0.5125 0.10390625 0.09375 0.2078125
6 0.40234375 0.09609375 0.1859375 0.1921875
6 0.53359375 0.53046875 0.0515625 0.1984375
6 0.46640625 0.60390625 0.1859375 0.0515625
5 0.7796875 0.31484375 0.440625 0.6296875
6 0.303125 0.93125 0.5125 0.1375
6 0.1765625 0.81484375 0.353125 0.3703125
6 0.378125 0.7953125 0.3625 0.33125
4 0.67734375 0.803125 0.2359375 0.325
4 0.77109375 0.95546875 0.3765625 0.0890625