6 0.3546875 0.240625 0.16875 0.48125
6 0.1296875 0.14296875 0.259375 0.2859375
2 0.906513482658702 0.5539204916252523 0.11995976842611107 0.11088250569998337
2 0.93828125 0.4453125 0.1234375 0.10625
2 0.94453125 0.5203125 0.1109375 0.103125
2 0.7449041649865265 0.3663608714428799 0.1622251808672221 0.13247328243518836
2 0.79140625 0.58203125 0.1453125 0.0546875
2 0.8890625 0.60078125 0.11875 0.0171875
2 0.6603028639970354 0.5087508312140215 0.1567174746466664 0.12277050050420328
2 0.7764452738462484 0.5316252385231591 0.1318541756834258 0.12258483020561535
2 0.8364361370412947 0.48069080523512114 0.18667837672018486 0.12797145273377594
2 0.6989559694163874 0.4446772595583809 0.13829966531583313 0.10750613342392405
2 0.569307425636943 0.4449289958126261 0.12138556738935158 0.10942926634364483
2 0.6164763686151838 0.36281561834078674 0.1921272943450923 0.15475247402109957
2 0.7219656595199062 0.2816745150062626 0.21011587672018486 0.12961036238870208
2 0.9172870129130078 0.3753091725675016 0.13204966531583331 0.10706909084927715
2 0.8307049639497672 0.3708077068442754 0.13763528397749977 0.1354126121366006
2 0.49921875 0.525 0.1203125 0.14375
2 0.66328125 0.56484375 0.1765625 0.0890625
2 0.48203125 0.43359375 0.0859375 0.1109375
2 0.49921875 0.303125 0.1203125 0.1375
2 0.6299633786999526 0.3039704960647276 0.1264052580585183 0.09580380891829172
2 0.459375 0.34296875 0.040625 0.1046875
2 0.98203125 0.2875 0.0359375 0.09375
2 0.97578125 0.0984375 0.0484375 0.1125
2 0.96484375 0.18828125 0.0703125 0.0953125
3 0.71953125 0.8046875 0.5609375 0.390625