6 0.1484375 0.34296875 0.296875 0.3734375
6 0.2046875 0.18359375 0.409375 0.3671875
6 0.34140625 0.40625 0.3171875 0.246875
6 0.42109375 0.27890625 0.1578125 0.2484375
2 0.34453125 0.771875 0.3109375 0.45625
2 0.2828125 0.5953125 0.434375 0.13125
2 0.1078125 0.78359375 0.215625 0.4328125
2 0.8718415018361678 0.8914100813971789 0.09907497091226496 0.08544769867918127
2 0.9496953059287521 0.9368049447405875 0.0919321506088231 0.07443747334499946
2 0.9004769427426137 0.8214975707351787 0.08660692182065048 0.06657042934436319
2 0.8727667887998107 0.7306362133990879 0.1269448793969957 0.08264996268299925
2 0.978125 0.70390625 0.04375 0.0828125
2 0.8781557904668006 0.7392845073997243 0.13797797424624464 0.10307155068427196
2 0.8986593512273447 0.8183543894016332 0.0951846963664579 0.07603633601209045
2 0.9076523586442106 0.6225515407383604 0.12222542848861018 0.10132723734881743