6 0.42578125 0.07265625 0.4734375 0.1453125
6 0.36347992478847113 0.2575778062748789 0.4009746140435183 0.18760074806001475
6 0.23886806993476703 0.4821851699247629 0.36259561922731437 0.19382157315515477
6 0.63671875 0.528125 0.2640625 0.1625
6 0.5792012525454153 0.3663930962753164 0.2857009285581478 0.20470072334543535
6 0.06171875 0.32421875 0.1234375 0.1953125
6 0.09921875 0.08671875 0.1984375 0.1734375
6 0.884375 0.54609375 0.23125 0.1265625
6 0.884375 0.3765625 0.23125 0.2375
6 0.884375 0.15078125 0.23125 0.2484375
6 0.384375 0.775 0.76875 0.33125
2 0.90546875 0.8046875 0.1890625 0.390625
2 0.8296875 0.8984375 0.121875 0.203125