6 0.03828125 0.209375 0.0765625 0.25625
6 0.4296875 0.4421875 0.31875 0.215625
6 0.78125 0.4875 0.321875 0.125
6 0.70546875 0.23046875 0.1734375 0.3015625
6 0.946875 0.47421875 0.10625 0.1515625
6 0.8374882345679204 0.23155069699467754 0.1527888839608707 0.27372402667183915
4 0.540625 0.6890625 0.15625 0.103125
4 0.3739893637612292 0.8872111524449909 0.226409852532014 0.12267145182646928
4 0.24140625 0.97109375 0.1453125 0.0578125
6 0.78203125 0.734375 0.3265625 0.3625
6 0.809375 0.90859375 0.38125 0.1828125