7 0.36953125 0.18125 0.1125 0.35078125
7 0.5578125 0.16796875 0.15625 0.26328125
7 0.76328125 0.13359375 0.08359375 0.2640625
7 0.92578125 0.1890625 0.1484375 0.2875
7 0.475 0.50078125 0.2265625 0.2484375
7 0.1203125 0.2984375 0.20078125 0.2421875
7 0.2765625 0.434375 0.06640625 0.38984375
7 0.08046875 0.61640625 0.12734375 0.10859375
7 0.10625 0.865625 0.06640625 0.19921875
7 0.29609375 0.8703125 0.0828125 0.23828125
7 0.91015625 0.58671875 0.09609375 0.51015625
7 0.634375 0.55390625 0.1 0.409375
7 0.80390625 0.86796875 0.09296875 0.23046875
7 0.76796875 0.62578125 0.08671875 0.2125