7 0.1734375 0.225 0.346875 0.36875
7 0.20078125 0.08125 0.3578125 0.1625
10 0.68984375 0.2046875 0.6203125 0.409375
9 0.1046875 0.78671875 0.209375 0.4265625
10 0.54140625 0.7421875 0.3234375 0.34375
10 0.5609375 0.503125 0.328125 0.1875
10 0.7739578573758618 0.6085791433650216 0.2906635520369075 0.302092467638882
10 0.91640625 0.81328125 0.1671875 0.2234375
10 0.928125 0.65546875 0.14375 0.2578125
10 0.81484375 0.45390625 0.2203125 0.0890625
10 0.7411566374124509 0.8743332099101613 0.1943510786919079 0.20613722021512224
10 0.928125 0.96875 0.14375 0.0625