1 0.6864839565167966 0.12770351887112547 0.1270495833429715 0.18130748746358769
1 0.58671875 0.29140625 0.0546875 0.1265625
1 0.65390625 0.33359375 0.1171875 0.1328125
1 0.79453125 0.378125 0.1203125 0.04375
1 0.8883372734097363 0.25110861196978107 0.12332861842866158 0.14380748746358768
1 0.7906106688715699 0.14269436988733988 0.08519635965723911 0.15204588479802067
1 0.7754194280169019 0.2896519379131708 0.09631309576674382 0.12276756175762475
1 0.9328125 0.32265625 0.128125 0.1546875
8 0.37109375 0.7 0.3765625 0.6
8 0.7796875 0.71484375 0.440625 0.4140625
8 0.7984375 0.940625 0.403125 0.11875