7 0.26796875 0.33515625 0.4015625 0.1078125
7 0.234375 0.2390625 0.46875 0.209375
7 0.909375 0.15078125 0.18125 0.3015625
7 0.075 0.7671875 0.15 0.265625
7 0.07890625 0.9515625 0.1578125 0.096875
7 0.3703125 0.9453125 0.196875 0.109375
7 0.13515625 0.6078125 0.2703125 0.1625
7 0.35703125 0.446875 0.2234375 0.115625
7 0.1265549971606262 0.475332776841017 0.22052278003177203 0.11941890606883483
8 0.7640625 0.50625 0.471875 0.234375
8 0.89296875 0.65 0.2140625 0.178125
8 0.84453125 0.85078125 0.3109375 0.2171875