7 0.21015625 0.4390625 0.4203125 0.140625
7 0.25 0.31953125 0.5 0.2859375
7 0.6359375 0.42421875 0.128125 0.1703125
7 0.16328125 0.0953125 0.3265625 0.190625
7 0.4171875 0.0765625 0.178125 0.153125
7 0.63515625 0.078125 0.1296875 0.15625
7 0.6734375 0.246875 0.053125 0.184375
8 0.9203125 0.2234375 0.159375 0.446875
8 0.7796875 0.19609375 0.159375 0.3921875
7 0.4859375 0.70390625 0.25625 0.3890625
7 0.290625 0.65625 0.19375 0.29375
7 0.07265625 0.65 0.1453125 0.28125
7 0.16875 0.884375 0.3375 0.23125
10 0.9453125 0.7546875 0.109375 0.490625