7 0.121875 0.26953125 0.24375 0.4984375
7 0.3515625 0.26015625 0.234375 0.5171875
9 0.92734375 0.06484375 0.1453125 0.1296875
9 0.96875 0.23828125 0.0625 0.1453125
9 0.8037020952867332 0.2793650655163237 0.2627148587069681 0.1443803306985579
9 0.6209943660469799 0.19835850956770357 0.23857702174882983 0.12500484608959822
8 0.07421875 0.7046875 0.1484375 0.371875
8 0.2734375 0.72265625 0.3375 0.4078125
1 0.56836943175058 0.7697502560321425 0.11989068874502422 0.11548155740420193
1 0.8937434579480341 0.6156290497096915 0.18095552273741297 0.1242953173874973
1 0.57890625 0.5484375 0.1484375 0.059375
1 0.4828125 0.58671875 0.028125 0.1078125
1 0.72109375 0.54140625 0.1265625 0.0453125
1 0.6478871298871443 0.6136758209240682 0.2085075197716634 0.11285839891824914
1 0.594500850229649 0.7587497229622866 0.1495781887450242 0.11825300457555095
1 0.779966164944666 0.8293812304500108 0.1433918557412186 0.11923204201316162
1 0.884040852701107 0.7200458294517821 0.15280134783255334 0.08275310149734291
1 0.7360808551725649 0.7221843153085276 0.12212435079830275 0.09389828868539637
1 0.674118071560737 0.8867375455497326 0.22757585475263548 0.12242128660541703