7 0.43125 0.5046875 0.290625 0.309375
7 0.084375 0.54296875 0.16875 0.2328125
7 0.221875 0.48046875 0.178125 0.3578125
7 0.08054048254683432 0.26599127500484915 0.15557961850553062 0.15312448424818442
7 0.1703125 0.075 0.121875 0.15
7 0.3541983506486231 0.12216062410616194 0.14902170129724618 0.22436175546001177
7 0.5453125 0.48046875 0.109375 0.3578125
8 0.8 0.4359375 0.4 0.384375
8 0.8 0.1703125 0.4 0.340625
9 0.44921875 0.8296875 0.3015625 0.340625
9 0.1109375 0.77890625 0.21875 0.2390625
9 0.76328125 0.92890625 0.3265625 0.1421875
9 0.79609375 0.80703125 0.2765625 0.2953125