7 0.38984375 0.10078125 0.3578125 0.2015625
7 0.50078125 0.471875 0.1359375 0.29375
7 0.33251969952000715 0.38501066578091053 0.3569751259977757 0.36192488364905967
7 0.1390625 0.084375 0.278125 0.16875
7 0.0640625 0.14765625 0.128125 0.2109375
7 0.09765625 0.31640625 0.1953125 0.2484375
9 0.93203125 0.2046875 0.1359375 0.409375
9 0.70859375 0.3546875 0.2796875 0.321875
9 0.82578125 0.1046875 0.2765625 0.209375
9 0.7342943021226084 0.19150107122152563 0.24320251038216947 0.1706943636451804
7 0.2890625 0.809375 0.559375 0.38125
8 0.784375 0.65703125 0.43125 0.0765625
8 0.87734375 0.80078125 0.2453125 0.3640625
8 0.784375 0.84140625 0.43125 0.3171875