7 0.296875 0.34140625 0.2875 0.0953125
7 0.409375 0.10078125 0.259375 0.2015625
7 0.19375 0.04296875 0.19375 0.0859375
7 0.07578125 0.23359375 0.1515625 0.1328125
7 0.04609375 0.10078125 0.0921875 0.1296875
7 0.19719261626000034 0.11083657002773259 0.18979115824437506 0.11484162441111075
7 0.76953125 0.19453125 0.4609375 0.3890625
6 0.33515625 0.57578125 0.4078125 0.2703125
6 0.346875 0.81171875 0.384375 0.3765625
6 0.08125 0.76171875 0.1625 0.2671875
6 0.3390625 0.46328125 0.4 0.1484375
9 0.78046875 0.83828125 0.4390625 0.3234375
9 0.78203125 0.65546875 0.4359375 0.4453125
9 0.8421875 0.50078125 0.315625 0.2234375