7 0.0890625 0.103125 0.178125 0.20625
7 0.13046875 0.27265625 0.2609375 0.4359375
7 0.64296875 0.29765625 0.4265625 0.5234375
7 0.39765625 0.509375 0.1859375 0.1
7 0.5578125 0.234375 0.33125 0.46875
7 0.3390625 0.43515625 0.11875 0.2484375
7 0.82421875 0.48515625 0.1046875 0.1484375
7 0.8537116926264309 0.17741457057420415 0.15550473010335963 0.22192115863342457
7 0.37265625 0.1109375 0.1859375 0.221875
9 0.215625 0.72265625 0.128125 0.3265625
8 0.509375 0.86484375 0.459375 0.2703125
8 0.5011769779438914 0.7330405939550262 0.33457046884459274 0.27850320177163324