7 0.12421875 0.15 0.2484375 0.3
10 0.71953125 0.15 0.5609375 0.3
9 0.20078125 0.915625 0.4015625 0.16875
9 0.04921875 0.746875 0.0984375 0.3125
9 0.2943227084337593 0.6211882543728995 0.2663890965492602 0.2533188672260838
9 0.31875 0.7734375 0.240625 0.246875
9 0.4109375 0.67421875 0.05625 0.2203125
9 0.35859375 0.50703125 0.1609375 0.1703125
9 0.07109375 0.52265625 0.1421875 0.2171875
9 0.4046875 0.928125 0.06875 0.14375
8 0.575 0.80546875 0.271875 0.3890625
8 0.6734375 0.6078125 0.46875 0.553125
8 0.5484375 0.46484375 0.21875 0.3296875