7 0.31477767729799766 0.12421875 0.3773717617048682 0.165625
7 0.47421875 0.2890625 0.3703125 0.059375
7 0.6078125 0.18515625 0.103125 0.1296875
7 0.56875 0.04296875 0.18125 0.0859375
7 0.22109375 0.028125 0.3484375 0.05625
9 0.94765625 0.2234375 0.1046875 0.190625
9 0.9484375 0.0609375 0.103125 0.121875
9 0.74296875 0.01953125 0.1671875 0.0390625
9 0.7671875 0.2140625 0.215625 0.209375
10 0.3296875 0.659375 0.659375 0.68125
9 0.90234375 0.8140625 0.1953125 0.228125
9 0.840625 0.52734375 0.31875 0.3234375