7 0.24765625 0.07890625 0.2921875 0.1578125
7 0.3796875 0.3828125 0.278125 0.334375
7 0.23125 0.38984375 0.28125 0.3203125
7 0.39765625 0.21171875 0.2421875 0.4234375
7 0.61640625 0.3234375 0.1953125 0.315625
7 0.84375 0.09453125 0.3125 0.1890625
7 0.82109375 0.39375 0.3578125 0.3125
8 0.259375 0.9375 0.51875 0.125
8 0.1359375 0.70078125 0.271875 0.3015625
8 0.33359375 0.775 0.3703125 0.45
7 0.753125 0.621875 0.39375 0.14375
7 0.7559305327075675 0.737880621463934 0.4664928544051878 0.2725299762890419
7 0.8078125 0.89453125 0.384375 0.2109375