7 0.18828125 0.28984375 0.3765625 0.2578125
9 0.56875 0.365625 0.3375 0.10625
9 0.45625 0.2515625 0.1125 0.278125
9 0.571875 0.0609375 0.275 0.121875
9 0.82578125 0.33046875 0.3484375 0.1765625
10 0.2 0.709375 0.4 0.58125
7 0.85703125 0.69921875 0.2859375 0.2234375
7 0.51328125 0.7453125 0.2265625 0.1875
7 0.9015004607632768 0.5518246546360798 0.1823631999091429 0.18752196272868282
7 0.6625242492070305 0.6928757821811591 0.14831574852966192 0.19036107822389886
7 0.5416418611473895 0.6552339565167966 0.11707903663473136 0.1281953545381665