7 0.08984375 0.21484375 0.1796875 0.4296875
7 0.60859375 0.21484375 0.7828125 0.4296875
8 0.08984375 0.71484375 0.1796875 0.5703125
7 0.8609375 0.94921875 0.19375 0.1015625
7 0.6421875 0.865625 0.296875 0.26875
7 0.7270611949104163 0.738138172196573 0.41167007750666684 0.33540556852064735
7 0.7359375 0.6234375 0.528125 0.3875
7 0.76484375 0.54453125 0.4703125 0.2296875
7 0.41903244899447883 0.6195967663998607 0.2365960359035418 0.2499192534403699
7 0.38031217505878423 0.7696459930727773 0.2837256090418057 0.26495778454314767
7 0.44921875 0.934375 0.1984375 0.13125