7 0.0328125 0.1453125 0.065625 0.225
7 0.07109375 0.3125 0.1421875 0.19375
7 0.1453125 0.4203125 0.290625 0.1375
7 0.2532372664463434 0.18914057355074262 0.19982221715379608 0.19594109337710908
7 0.2109375 0.06953125 0.2625 0.1390625
7 0.96328125 0.2375 0.0734375 0.475
7 0.7830696123465748 0.2324703478064718 0.25064100631509206 0.33442172756717453
8 0.0421875 0.74453125 0.084375 0.5109375
8 0.2828125 0.74921875 0.234375 0.3078125
8 0.23828125 0.5703125 0.3234375 0.1625
10 0.7 0.74453125 0.6 0.5109375