7 0.234375 0.1609375 0.46875 0.321875
9 0.5911198994591784 0.44836790009654504 0.16208103801913581 0.14787976114786475
9 0.49765625 0.28203125 0.0578125 0.1859375
9 0.5937352028355323 0.19526467942964026 0.14258003290006319 0.10772465471124751
9 0.41640625 0.91875 0.1046875 0.153125
9 0.3393924944781036 0.860485851821915 0.15552095760961002 0.14431771857321785
9 0.3046875 0.73046875 0.190625 0.0828125
9 0.140625 0.71796875 0.203125 0.0578125
9 0.20542212533053766 0.7876160703951328 0.15505583699532136 0.13963021857321783
9 0.1125 0.95078125 0.2125 0.0984375
9 0.12134622437572214 0.876508961612727 0.16209313597150682 0.13236402179152656
9 0.30078125 0.95234375 0.1703125 0.0953125
9 0.02109375 0.9140625 0.0421875 0.1375
9 0.034375 0.82890625 0.06875 0.0859375
9 0.075 0.753125 0.15 0.128125
8 0.57109375 0.89140625 0.2046875 0.2171875