8 0.4703125 0.096875 0.359375 0.19375
8 0.46875 0.390625 0.3625 0.25625
8 0.10390625 0.19921875 0.2078125 0.3515625
8 0.84765625 0.1125 0.3046875 0.225
8 0.825 0.07421875 0.35 0.1484375
8 0.88984375 0.19140625 0.2203125 0.2234375
8 0.45546875 0.63203125 0.3890625 0.2265625
8 0.44140625 0.75625 0.4171875 0.4
8 0.4734375 0.90390625 0.353125 0.1921875
9 0.815625 0.8734375 0.33125 0.253125
9 0.72734375 0.74296875 0.1546875 0.4484375
9 0.87265625 0.5796875 0.2546875 0.121875
9 0.934375 0.73203125 0.13125 0.4265625