8 0.2359375 0.13515625 0.271875 0.2703125
8 0.3546875 0.1046875 0.209375 0.209375
8 0.38671875 0.25859375 0.1453125 0.1828125
8 0.30390625 0.3046875 0.1984375 0.090625
8 0.07421875 0.175 0.1484375 0.35
9 0.5703125 0.27734375 0.221875 0.1453125
9 0.8640625 0.32109375 0.271875 0.0578125
9 0.825 0.2484375 0.29375 0.203125
9 0.7573023981298471 0.17206728932201437 0.23237720452587246 0.19913240349472244
10 0.2296875 0.675 0.459375 0.65
7 0.83515625 0.803125 0.3296875 0.39375
7 0.665625 0.884375 0.4125 0.23125
7 0.8984375 0.6109375 0.203125 0.521875
7 0.6390625 0.47890625 0.3 0.2578125
7 0.48671875 0.5765625 0.0546875 0.203125
7 0.91171875 0.36640625 0.1765625 0.0328125