8 0.62578125 0.35234375 0.36953125 0.11875
8 0.62109375 0.5328125 0.3796875 0.1453125
8 0.32734375 0.5890625 0.234375 0.12265625
8 0.31015625 0.43984375 0.25859375 0.17578125
8 0.3234375 0.2828125 0.2046875 0.11875
8 0.6328125 0.0828125 0.384375 0.165625
8 0.3203125 0.07890625 0.19375 0.1265625
8 0.109375 0.08046875 0.1609375 0.11171875
8 0.08515625 0.190625 0.1703125 0.08515625
8 0.1125 0.29453125 0.225 0.09375
8 0.09921875 0.42109375 0.14609375 0.10078125
8 0.10859375 0.5796875 0.2015625 0.115625
8 0.1046875 0.7078125 0.209375 0.08359375
8 0.10859375 0.81328125 0.2171875 0.078125
8 0.103125 0.934375 0.20625 0.1125
8 0.925 0.38671875 0.14921875 0.14921875
8 0.93359375 0.22890625 0.125 0.1328125
8 0.9234375 0.51875 0.153125 0.109375
8 0.946875 0.66484375 0.09765625 0.11875
8 0.9453125 0.959375 0.109375 0.08125
8 0.94921875 0.84453125 0.0953125 0.09765625
8 0.66171875 0.69765625 0.38515625 0.103125
8 0.665625 0.83046875 0.35546875 0.11015625
8 0.65703125 0.94921875 0.3796875 0.1015625
8 0.35078125 0.73203125 0.24921875 0.10546875
8 0.35859375 0.853125 0.2421875 0.06015625
8 0.353125 0.95703125 0.1875 0.0859375