8 0.2453125 0.2296875 0.228125 0.459375
8 0.16171875 0.2296875 0.3234375 0.459375
8 0.63828125 0.309375 0.5578125 0.3
8 0.1796875 0.51015625 0.359375 0.1015625
8 0.27578125 0.63671875 0.1671875 0.1890625
8 0.1796875 0.7625 0.359375 0.246875
8 0.175 0.9015625 0.35 0.196875
9 0.6259491134313876 0.8681558226050484 0.22103283581546265 0.20705107336090772
9 0.6465275791710638 0.665366629933185 0.2906221658814811 0.2531271893698165
9 0.8046875 0.5359375 0.221875 0.153125
9 0.5703125 0.52890625 0.178125 0.1390625
9 0.43046875 0.5546875 0.1421875 0.15625
9 0.8310856727622209 0.8798456585773679 0.18970492337435152 0.18795562802354446
9 0.8663616255424064 0.6573343119032772 0.19423659849212943 0.15054653469127163