8 0.26640625 0.28984375 0.2859375 0.3578125
8 0.09453125 0.37734375 0.1890625 0.1828125
8 0.3375 0.12890625 0.14375 0.2578125
8 0.6078125 0.0421875 0.396875 0.084375
8 0.8160956151487516 0.3129380464894481 0.3290158551898024 0.17798882573423497
8 0.49921875 0.2125 0.1796875 0.346875
8 0.8578125 0.4234375 0.284375 0.090625
8 0.8440620547457055 0.20797878196730119 0.15069995764913066 0.1316788203356502
8 0.89609375 0.11875 0.2078125 0.2375
8 0.128125 0.6609375 0.25625 0.384375
8 0.18984375 0.878125 0.3796875 0.24375
8 0.28515625 0.61640625 0.2484375 0.2953125
7 0.7046875 0.734375 0.590625 0.53125