8 0.325 0.15 0.65 0.3
8 0.959375 0.15 0.08125 0.3
7 0.0859375 0.72265625 0.171875 0.2015625
7 0.07578125 0.89921875 0.1515625 0.2015625
7 0.3138432843068065 0.7560415926086461 0.3197819855799068 0.28656097473312514
7 0.1046875 0.453125 0.209375 0.259375
7 0.21679050146060241 0.5768606260436462 0.4091193047126849 0.16701350056868094
7 0.365625 0.36015625 0.15 0.1203125
7 0.57890625 0.33671875 0.1421875 0.0734375
7 0.58515625 0.49921875 0.1296875 0.1421875
7 0.39140625 0.8984375 0.4390625 0.203125
7 0.4828125 0.971875 0.240625 0.05625
10 0.825 0.71484375 0.35 0.5703125
10 0.825 0.48984375 0.35 0.3796875