8 0.12578125 0.52421875 0.2515625 0.1703125
8 0.17793127079742774 0.3770490132959692 0.31790637749004846 0.2328180356922788
8 0.31484375 0.546875 0.1703125 0.125
7 0.71640625 0.484375 0.5671875 0.25
7 0.7828125 0.0484375 0.434375 0.096875
7 0.521875 0.5265625 0.24375 0.165625
7 0.8890625 0.4109375 0.221875 0.309375
7 0.7921875 0.19765625 0.415625 0.3046875
7 0.14140625 0.7140625 0.2828125 0.209375
8 0.85859375 0.64765625 0.2828125 0.0765625
8 0.8828125 0.69375 0.234375 0.16875
8 0.8796875 0.84453125 0.240625 0.2484375
8 0.8625 0.9609375 0.275 0.078125