8 0.1671875 0.21953125 0.24375 0.4390625
8 0.13671875 0.21953125 0.2734375 0.4390625
7 0.70234375 0.25859375 0.3109375 0.3609375
7 0.47578125 0.21953125 0.3734375 0.4390625
7 0.40859375 0.159375 0.2390625 0.31875
10 0.14453125 0.71953125 0.2890625 0.5609375
9 0.7515625 0.6515362908582396 0.1625 0.22984190782296263
9 0.89453125 0.5976381857217115 0.165625 0.1785528098964811
9 0.95703125 0.69296875 0.0859375 0.1484375
9 0.784375 0.780969512630184 0.1234375 0.17173688190398123
9 0.871875 0.8558122706887022 0.1703125 0.17896291300675884
9 0.73828125 0.91953125 0.2390625 0.1609375