8 0.3609375 0.228125 0.578125 0.3625
8 0.353125 0.325 0.59375 0.16875
8 0.825 0.2046875 0.35 0.409375
8 0.91875 0.09296875 0.1625 0.1859375
7 0.5859375 0.4828125 0.128125 0.146875
7 0.534375 0.7 0.23125 0.3
7 0.38535780054229296 0.6571126745264106 0.25396235479701906 0.43303486697916005
7 0.20859375 0.6921875 0.3578125 0.565625
7 0.10703125 0.6859375 0.2140625 0.553125
7 0.34453125 0.93046875 0.2171875 0.1390625
7 0.50078125 0.91640625 0.2171875 0.1671875
7 0.62421875 0.8625 0.0515625 0.203125
9 0.91875 0.45703125 0.1625 0.0953125