8 0.05234375 0.25703125 0.1046875 0.4046875
8 0.3570164349873922 0.23022677678868425 0.2286022006185215 0.33711486975432586
8 0.14140625 0.40703125 0.2828125 0.1046875
8 0.4359375 0.284375 0.0875 0.34375
8 0.284487472869119 0.1543977141731297 0.1520721672787225 0.1634213054894186
8 0.20546875 0.07890625 0.4109375 0.1578125
7 0.78359375 0.271875 0.4328125 0.375
7 0.58046875 0.2296875 0.2015625 0.459375
7 0.15 0.78359375 0.3 0.4328125
7 0.30234375 0.77109375 0.3390625 0.4578125
7 0.12119011847697223 0.5936384074300698 0.15915108576539333 0.21194973370266385
7 0.453125 0.81796875 0.053125 0.3578125
10 0.62109375 0.7296875 0.2828125 0.540625
10 0.73984375 0.7296875 0.5203125 0.540625
10 0.83046875 0.7375 0.3390625 0.525