8 0.21171875 0.19609375 0.4234375 0.3265625
8 0.234375 0.11640625 0.46875 0.2328125
9 0.734375 0.1796875 0.53125 0.359375
7 0.24071262261300247 0.704059953957981 0.34586122406108794 0.47581101909553924
7 0.3609375 0.88046875 0.215625 0.2390625
7 0.0515625 0.77890625 0.103125 0.3921875
9 0.57890625 0.68671875 0.2203125 0.3140625
9 0.7353336845958214 0.5755420224195316 0.348494233370453 0.2996037166060283
9 0.9125 0.49609375 0.175 0.2734375
9 0.6921875 0.421875 0.29375 0.125
9 0.92265625 0.775 0.1546875 0.2375
9 0.86015625 0.88359375 0.2796875 0.2328125