8 0.37421875 0.46328125 0.3328125 0.2109375
8 0.21640625 0.490625 0.2328125 0.15625
8 0.12734375 0.353125 0.2546875 0.309375
8 0.47734375 0.44296875 0.1453125 0.2515625
9 0.9125 0.23125 0.175 0.365625
9 0.83515625 0.103125 0.2640625 0.20625
9 0.66640625 0.29765625 0.2328125 0.3140625
9 0.5828125 0.41953125 0.065625 0.2359375
9 0.8385454975034188 0.4300203398681003 0.19923349584004102 0.21042039129415607
9 0.6578125 0.5046875 0.196875 0.128125
9 0.728125 0.0328125 0.25625 0.065625
9 0.61328125 0.046875 0.1265625 0.09375
7 0.24609375 0.725 0.4390625 0.3125
7 0.4359375 0.64296875 0.228125 0.1484375
9 0.775 0.784375 0.45 0.43125