8 0.284375 0.19453125 0.290625 0.3890625
8 0.36953125 0.1609375 0.1203125 0.321875
8 0.6 0.3203125 0.340625 0.1375
10 0.253125 0.9125 0.353125 0.175
10 0.22426037193668477 0.6874999157608024 0.33021694804263435 0.3311769154221181
10 0.08828125 0.8546875 0.1765625 0.290625
7 0.81484375 0.66640625 0.3703125 0.5546875
7 0.7984375 0.43046875 0.19375 0.0828125
7 0.8671875 0.7625 0.265625 0.475
7 0.45703125 0.5609375 0.0546875 0.2125
7 0.6508228719366846 0.506358379126071 0.10011018268618095 0.14890889077317446
7 0.5932530832272775 0.8183770222740947 0.14773061736154425 0.21542800542706714