8 0.259375 0.16953125 0.51875 0.3390625
8 0.38125 0.16953125 0.275 0.3390625
8 0.90703125 0.2234375 0.1859375 0.23125
8 0.7828125 0.2375 0.403125 0.203125
8 0.86015625 0.11875 0.2796875 0.2375
8 0.43671875 0.7 0.1640625 0.6
1 0.903125 0.43125 0.19375 0.184375
1 0.86015625 0.53671875 0.2796875 0.3046875
1 0.6322486793527655 0.48074934545843784 0.2025451178365838 0.24182774335048624
1 0.6171875 0.67890625 0.196875 0.2390625
1 0.6781335238083389 0.8803863227570142 0.1795996547112475 0.13677656743868064
1 0.57578125 0.59140625 0.1140625 0.4296875