8 0.2125 0.29609375 0.425 0.2453125
8 0.14140625 0.0734375 0.2828125 0.146875
6 0.78125 0.1140625 0.24375 0.228125
6 0.87265625 0.14140625 0.2546875 0.2828125
6 0.8390625 0.31328125 0.3 0.2109375
7 0.51640625 0.90078125 0.2734375 0.1984375
7 0.334375 0.88515625 0.275 0.2296875
7 0.128125 0.8671875 0.20625 0.265625
7 0.06640625 0.7578125 0.1328125 0.325
7 0.5078125 0.65078125 0.303125 0.3234375
7 0.61171875 0.790625 0.0953125 0.384375
7 0.1546875 0.53671875 0.309375 0.2359375
7 0.38984375 0.5828125 0.2921875 0.328125
7 0.2875 0.47734375 0.184375 0.1171875