9 0.19921875 0.075 0.3984375 0.15
9 0.19609375 0.42109375 0.3921875 0.1953125
9 0.6057648535088452 0.11030485273828808 0.27036866359827505 0.1743765533834914
9 0.6532804682189937 0.25772633939241524 0.19208415624622255 0.14007053756616053
9 0.6146544807235266 0.4179926773391367 0.26847771286306976 0.17118788638729682
9 0.31484375 0.68671875 0.2703125 0.3359375
9 0.075 0.87890625 0.15 0.2140625
9 0.0703125 0.70390625 0.140625 0.2203125
8 0.83515625 0.87109375 0.3296875 0.2578125
8 0.59296875 0.89296875 0.2859375 0.2140625
8 0.6703125 0.5734375 0.440625 0.109375