9 0.42890625 0.3046875 0.2421875 0.303125
9 0.27734375 0.434375 0.3328125 0.15
9 0.403125 0.03984375 0.29375 0.0796875
9 0.2235563763865585 0.15546770823830575 0.26642194753799603 0.21396354781181853
9 0.24765625 0.05859375 0.2234375 0.1171875
9 0.0671875 0.23515625 0.134375 0.2515625
9 0.6796875 0.07890625 0.259375 0.1578125
9 0.61953125 0.203125 0.1390625 0.396875
9 0.84609375 0.15859375 0.3078125 0.3171875
9 0.80625 0.34453125 0.3875 0.3296875
8 0.12265625 0.7234375 0.2453125 0.353125
8 0.1828125 0.6046875 0.290625 0.190625