9 0.19453125 0.184375 0.3890625 0.36875
8 0.69453125 0.2234375 0.6109375 0.290625
8 0.69609375 0.184375 0.6078125 0.36875
8 0.8484375 0.1796875 0.303125 0.359375
8 0.85 0.12265625 0.3 0.2453125
8 0.2984375 0.684375 0.18125 0.63125
8 0.25546875 0.8296875 0.2671875 0.340625
9 0.82734375 0.5359375 0.3453125 0.334375
9 0.56015625 0.51328125 0.2734375 0.2890625
9 0.50859375 0.73828125 0.2390625 0.3671875
9 0.621875 0.92421875 0.284375 0.1515625
9 0.7390577880728602 0.7914999862723375 0.3523101240451797 0.36534053785320253
9 0.93046875 0.79921875 0.1390625 0.3484375
9 0.87109375 0.9296875 0.2578125 0.140625