9 0.11328125 0.2359375 0.2265625 0.209375
9 0.3390625 0.14140625 0.259375 0.2828125
9 0.37265625 0.3140625 0.1921875 0.18125
9 0.12578125 0.37734375 0.2515625 0.1046875
7 0.734375 0.21484375 0.53125 0.4296875
8 0.07578125 0.5875 0.1515625 0.1875
8 0.096875 0.75859375 0.19375 0.2015625
8 0.1875 0.91015625 0.375 0.1796875
8 0.625 0.96796875 0.3125 0.0640625
8 0.7869814584007354 0.6805802672535591 0.3327354472421071 0.14416175008481816
8 0.51328125 0.7890625 0.0890625 0.328125
8 0.8390625 0.5140625 0.30625 0.16875
8 0.8160403558687215 0.7840400839511149 0.15030237884037306 0.1175198606144388
8 0.88359375 0.88203125 0.2328125 0.2359375