1 0.24921875 0.578125 0.13671875 0.10234375
1 0.2078125 0.7015625 0.1234375 0.0953125
1 0.340625 0.725 0.10078125 0.0828125
1 0.4796875 0.71796875 0.1109375 0.0984375
1 0.80625 0.6109375 0.17109375 0.09765625
1 0.49453125 0.47578125 0.14140625 0.08359375
1 0.34140625 0.5140625 0.13046875 0.0890625
1 0.63671875 0.4796875 0.1171875 0.090625
1 0.5609375 0.57265625 0.2 0.0828125
1 0.50625 0.7109375 0.13984375 0.09765625
1 0.690625 0.80859375 0.13359375 0.1
1 0.7953125 0.7140625 0.146875 0.0609375
1 0.64765625 0.69453125 0.11484375 0.0765625
1 0.584375 0.85078125 0.21796875 0.090625