1 0.4985465280533323 0.36996985733665716 0.128730179126093 0.15947273442229637
1 0.5921875 0.39921875 0.053125 0.1453125
1 0.6 0.2640625 0.0375 0.11875
1 0.584375 0.1265625 0.06875 0.13125
1 0.36658723304014096 0.13522701264304296 0.109980179126093 0.1582711798265045
1 0.4240128087233714 0.2845446946290158 0.1128323606144388 0.1506589389258032
1 0.353125 0.03046875 0.1125 0.0609375
1 0.4546875 0.08359375 0.11875 0.1671875
1 0.57734375 0.10078125 0.0828125 0.1609375
1 0.56484375 0.01328125 0.0984375 0.0265625
9 0.6859375 0.3296875 0.134375 0.246875
9 0.24877971806401655 0.8415048958933202 0.3915228450053421 0.22931936921373292
9 0.03203125 0.90546875 0.0640625 0.1796875
9 0.31484375 0.9484375 0.2953125 0.103125
9 0.809375 0.7796875 0.38125 0.440625