1 0.1703125 0.05078125 0.1375 0.1015625
1 0.14453125 0.35 0.1578125 0.159375
1 0.3894918083725005 0.13598727868217192 0.13437354195220053 0.16894786397194572
1 0.4109375 0.0296875 0.134375 0.059375
1 0.3317108584995575 0.2663768830933936 0.1316279735504665 0.14853523442229638
1 0.2743904531390635 0.15997788633259608 0.15630872611071514 0.2248369185677376
1 0.165625 0.07109375 0.146875 0.1421875
1 0.03984375 0.18828125 0.0796875 0.1671875
1 0.05546875 0.321875 0.1109375 0.165625
1 0.1281378084430877 0.19373471776485865 0.117201452503779 0.14138406847545254
1 0.04609375 0.0984375 0.0921875 0.196875
8 0.7453125 0.240625 0.471875 0.378125
8 0.653125 0.08984375 0.2875 0.1796875
8 0.35078125 0.746875 0.3171875 0.50625
8 0.26328125 0.61875 0.3796875 0.378125
9 0.896875 0.5015625 0.20625 0.14375
9 0.7392565899425316 0.6164467342654129 0.3713414628859485 0.30866690777039596
9 0.6234375 0.78515625 0.228125 0.2265625
9 0.8453125 0.92578125 0.309375 0.1484375
9 0.92578125 0.7765625 0.1484375 0.171875
9 0.55859375 0.89140625 0.0984375 0.2171875