9 0.340625 0.10546875 0.16953125 0.20234375
9 0.16953125 0.1984375 0.22265625 0.20234375
9 0.090625 0.34296875 0.15625 0.12734375
9 0.134375 0.52890625 0.153125 0.20703125
9 0.27578125 0.403125 0.10546875 0.21484375
9 0.409375 0.2984375 0.0953125 0.15390625
9 0.503125 0.165625 0.10859375 0.15390625
9 0.54140625 0.421875 0.13515625 0.16796875
9 0.40390625 0.490625 0.13828125 0.15
9 0.21953125 0.71015625 0.13046875 0.21875
9 0.37890625 0.68671875 0.13671875 0.153125
9 0.51171875 0.60546875 0.10703125 0.153125