9 0.059375 0.503125 0.11875 0.19375
9 0.2638236039109034 0.43482282846921355 0.19677112290951407 0.2796230824314133
9 0.4393307905562853 0.34144013497769377 0.21584843123013914 0.2952161315230278
9 0.4546875 0.03671875 0.190625 0.0734375
9 0.3328125 0.09921875 0.196875 0.1984375
9 0.17448377450437552 0.19477152650266127 0.15788915444465293 0.21718698424818433
9 0.53984375 0.3546875 0.1203125 0.25
9 0.50703125 0.54140625 0.1859375 0.1703125
9 0.35408754084062577 0.5464302660416795 0.1602504350298613 0.1846295757634536
9 0.63828125 0.28125 0.0765625 0.175
9 0.6359375 0.44609375 0.071875 0.2359375
7 0.15703125 0.8296875 0.2890625 0.340625
7 0.4125 0.8296875 0.35 0.340625
9 0.73125 0.8296875 0.2625 0.340625