9 0.32265625 0.14453125 0.16875 0.15859375
9 0.19765625 0.23515625 0.23515625 0.1078125
9 0.65546875 0.10234375 0.17890625 0.15
9 0.91640625 0.2765625 0.14453125 0.15
9 0.80703125 0.49453125 0.23828125 0.13359375
9 0.68515625 0.64609375 0.2484375 0.15078125
9 0.3078125 0.5703125 0.19140625 0.1390625
9 0.11875 0.4828125 0.19375 0.1078125
9 0.42265625 0.4734375 0.253125 0.1296875
9 0.590625 0.35 0.1828125 0.10859375
9 0.44921875 0.83515625 0.234375 0.19140625
9 0.12890625 0.7640625 0.1640625 0.1390625
9 0.66953125 0.8046875 0.18828125 0.1875
9 0.90078125 0.8046875 0.18203125 0.209375
9 0.9125 0.61484375 0.175 0.1140625