9 0.23173413518863484 0.31231580240495693 0.2034192029858776 0.2608296261389501
9 0.3802094760379119 0.4438982733245875 0.12582979852673173 0.19717737884037323
9 0.31015625 0.0421875 0.2328125 0.084375
6 0.8388692919935693 0.47210365721487096 0.1962951178365838 0.24796560509226265
6 0.62265625 0.1453125 0.2828125 0.290625
6 0.85625 0.146875 0.190625 0.29375
6 0.619103095211878 0.46708441531914013 0.16268494234221578 0.25690098933548206
6 0.47421875 0.2265625 0.0484375 0.25625
6 0.50859375 0.53203125 0.1171875 0.2359375
6 0.7296875 0.5953125 0.10625 0.109375
10 0.225 0.825 0.45 0.35
8 0.6734375 0.825 0.353125 0.35