9 0.3875 0.15 0.103125 0.259375
9 0.26124332940739803 0.2871984663823136 0.16498295285270287 0.19933991701630233
9 0.18935982899311327 0.1423963744755464 0.15709337014004515 0.13023471950581325
9 0.33671875 0.06796875 0.1390625 0.1359375
9 0.23671875 0.025 0.1703125 0.05
9 0.371875 0.36328125 0.134375 0.1765625
9 0.51875 0.4109375 0.159375 0.35625
9 0.53671875 0.121875 0.1953125 0.24375
9 0.88671875 0.371875 0.2265625 0.328125
9 0.890625 0.1015625 0.21875 0.203125
9 0.86484375 0.52265625 0.2359375 0.1328125
8 0.18671875 0.8546875 0.3734375 0.290625
7 0.8265625 0.671875 0.346875 0.165625