9 0.209375 0.23984375 0.41875 0.4796875
8 0.740625 0.32421875 0.51875 0.3109375
8 0.67890625 0.14921875 0.3640625 0.2984375
7 0.3421875 0.82421875 0.153125 0.3515625
7 0.17837301737290473 0.7323523985373026 0.29878437220695975 0.3143387840889618
0 0.91171875 0.59609375 0.1765625 0.1609375
0 0.96328125 0.684375 0.0734375 0.146875
0 0.9002694421038452 0.7701361854656383 0.133801419354257 0.12411143019392776
0 0.773066933212505 0.8320304391190863 0.15186221463952726 0.14316143912238175
0 0.47734375 0.89609375 0.1171875 0.1734375
0 0.6488974948327135 0.6273548015388323 0.1707577638537389 0.14661372158978575
0 0.8024976838316775 0.5862503348170153 0.16443498924663302 0.14494212743398424
0 0.5235657009951853 0.6994462155007058 0.15327916542531544 0.14006371266133186
0 0.6340643992997742 0.7443786603051302 0.22206770678164425 0.17561147483619663
0 0.7461769474805287 0.8385980389569305 0.17751718610348002 0.1576603157455871
0 0.6265625 0.9671875 0.171875 0.065625
0 0.4953125 0.9578125 0.153125 0.084375
0 0.6130883116247178 0.8925706984545771 0.14481169396136268 0.12586484496658024
0 0.740625 0.95078125 0.24375 0.0984375