9 0.07265625 0.14453125 0.1453125 0.2890625
9 0.24765625 0.10078125 0.2546875 0.2015625
9 0.5421875 0.0671875 0.275 0.134375
9 0.35650782272436105 0.30679165742663245 0.27193173337045273 0.289090405007558
9 0.1046875 0.3796875 0.209375 0.25625
9 0.5703125 0.2734375 0.21875 0.309375
9 0.1734375 0.54609375 0.328125 0.1859375
9 0.44140625 0.52421875 0.2796875 0.2296875
9 0.61015625 0.50078125 0.1390625 0.2765625
7 0.965625 0.25 0.06875 0.45625
7 0.89609375 0.3625 0.2078125 0.378125
7 0.8578125 0.53828125 0.265625 0.2015625
10 0.33984375 0.81953125 0.6796875 0.3609375
7 0.83984375 0.70703125 0.3203125 0.1359375