9 0.1796875 0.278125 0.359375 0.55625
9 0.08984375 0.14765625 0.1796875 0.2953125
8 0.6302580290255766 0.33743428396305414 0.3921974568009071 0.2709771379745064
8 0.6995288402808366 0.17293544672723254 0.41505460344286255 0.29922940300162093
8 0.47421875 0.05078125 0.2296875 0.1015625
8 0.44765625 0.12890625 0.1765625 0.2578125
8 0.403125 0.26953125 0.0875 0.1984375
8 0.5484375 0.5203125 0.378125 0.196875
8 0.90625 0.4359375 0.1875 0.2
8 0.86015625 0.55625 0.1765625 0.125
8 0.93671875 0.31640625 0.1265625 0.1671875
8 0.9890625 0.19453125 0.021875 0.1484375
8 0.8015625 0.08671875 0.396875 0.1734375
9 0.0546875 0.7671875 0.109375 0.296875
9 0.10859375 0.9796875 0.1890625 0.040625
9 0.16796875 0.765625 0.2296875 0.29375
9 0.27890625 0.8109375 0.1609375 0.378125
9 0.85859375 0.84375 0.2828125 0.3125
9 0.45390625 0.95078125 0.1890625 0.0984375
9 0.55390625 0.8546875 0.2578125 0.290625
9 0.78046875 0.88984375 0.2984375 0.2203125
9 0.6965550853866953 0.8085876421779188 0.12355160580511537 0.13819086729005087