9 0.36223454973769675 0.3022417532431156 0.12588297603820084 0.2957682418823252
9 0.13046875 0.465625 0.1390625 0.046875
9 0.42734375 0.4640625 0.1171875 0.05
9 0.32265625 0.04453125 0.1609375 0.0890625
9 0.20313485744957785 0.22441894196175544 0.11645341233587007 0.2940421006486231
9 0.04609375 0.20078125 0.0921875 0.3796875
9 0.76953125 0.24453125 0.4609375 0.4890625
7 0.265625 0.69296875 0.146875 0.4078125
7 0.4324652041842004 0.6865912540538945 0.15603672359113005 0.13077053327818292
7 0.08984375 0.61015625 0.1359375 0.2421875
7 0.36015625 0.515625 0.0984375 0.053125
7 0.46171875 0.54375 0.0890625 0.109375
10 0.76953125 0.74453125 0.4609375 0.5109375