9 0.13984375 0.146875 0.2796875 0.29375
9 0.18671875 0.41328125 0.3734375 0.2734375
9 0.8 0.15859375 0.4 0.3171875
9 0.71171875 0.4734375 0.2234375 0.153125
9 0.89765625 0.3921875 0.2046875 0.278125
9 0.6859375 0.34921875 0.171875 0.1953125
8 0.21328125 0.9234375 0.4265625 0.153125
8 0.1140625 0.64375 0.228125 0.1875
8 0.11171875 0.8390625 0.2234375 0.278125
7 0.8 0.87734375 0.4 0.2453125
7 0.96640625 0.81953125 0.0671875 0.1546875
7 0.74921875 0.94765625 0.2984375 0.1046875
7 0.8823639436902004 0.7209227232710733 0.14993951023814525 0.08391869665368965
7 0.63515625 0.734375 0.0703125 0.125