9 0.22578125 0.18984375 0.4515625 0.3796875
10 0.69296875 0.0390625 0.2546875 0.078125
10 0.6431821257601993 0.14493325568533813 0.16532244355406328 0.17309440097293471
10 0.8241469274816305 0.29030248255342495 0.1854365361123346 0.21248418344033873
10 0.6299827544308052 0.3937525852306429 0.18007442431676957 0.14836713636243815
10 0.95546875 0.3375 0.0890625 0.203125
9 0.39453125 0.5296875 0.2296875 0.1
9 0.14296875 0.71015625 0.2859375 0.4609375
9 0.4546875 0.74296875 0.109375 0.2734375
9 0.4453125 0.92890625 0.128125 0.1421875
7 0.7546875 0.73984375 0.490625 0.5203125