10 0.21953125 0.284375 0.4390625 0.56875
11 0.8421875 0.284375 0.315625 0.56875
11 0.67734375 0.284375 0.3921875 0.56875
11 0.55625 0.284375 0.234375 0.56875
13 0.278125 0.784375 0.321875 0.43125
12 0.78203125 0.66015625 0.2390625 0.1828125
12 0.89765625 0.78515625 0.2046875 0.2734375
12 0.82734375 0.93125 0.1984375 0.1375
12 0.60703125 0.9453125 0.3359375 0.109375
12 0.6553559554085406 0.7819360490050998 0.28626455397461326 0.2549469554239831
12 0.53515625 0.6609375 0.1921875 0.184375
12 0.47578125 0.82890625 0.0734375 0.2484375