10 0.209375 0.325 0.41875 0.65
9 0.9140625 0.59140625 0.171875 0.2171875
9 0.8703125 0.3703125 0.259375 0.15
9 0.5862068202002948 0.28659804420664753 0.22158688231915705 0.1762682979675713
9 0.8208869682216647 0.20228419483978582 0.3130233772000842 0.1399791084715548
9 0.79453125 0.0515625 0.4109375 0.103125
7 0.2578125 0.7984375 0.321875 0.196875
7 0.16462868606942022 0.8926136781467384 0.31098365863342464 0.15082568025830945
7 0.05859375 0.76171875 0.1171875 0.1234375
9 0.56015625 0.884375 0.2828125 0.23125
9 0.68046875 0.72734375 0.3109375 0.0546875
9 0.82734375 0.9421875 0.2421875 0.115625
9 0.94921875 0.84375 0.1015625 0.228125