10 0.2546875 0.21953125 0.509375 0.4390625
10 0.6625 0.1828125 0.30625 0.290625
10 0.86640625 0.06640625 0.2671875 0.1328125
10 0.97421875 0.1734375 0.0515625 0.190625
10 0.8644030192552762 0.2742218932590017 0.18801017202418074 0.18137055113509035
9 0.175 0.9484375 0.165625 0.103125
9 0.04609375 0.93828125 0.0921875 0.1234375
9 0.1495501785885036 0.8377622418790299 0.16255563868554468 0.141871674511885
9 0.31657459392904874 0.787541873777241 0.20027381468808994 0.1612762394466932
9 0.16693931528486586 0.6192713404990581 0.18804653469127164 0.18449555113509053
9 0.0328125 0.75078125 0.065625 0.1734375
7 0.60390625 0.61640625 0.1890625 0.2421875
7 0.7046875 0.55 0.384375 0.221875
7 0.68828125 0.82265625 0.3578125 0.3546875