10 0.3296875 0.26953125 0.659375 0.5390625
11 0.78984375 0.13203125 0.2609375 0.2640625
11 0.7511117980585427 0.19356142826155837 0.1606851507001803 0.2560665314288567
12 0.1640625 0.5703125 0.259375 0.0625
12 0.3046875 0.596875 0.178125 0.115625
12 0.350004378739633 0.7799869627447741 0.21262945870463454 0.2918822050640276
12 0.1695527153882702 0.6367543602833473 0.25032835868872627 0.17696983660582397
12 0.16294927406904228 0.7402055839749881 0.20652381468808995 0.16973418927901215
12 0.140625 0.91640625 0.253125 0.1671875
12 0.5109375 0.95625 0.20625 0.0875
12 0.6375 0.89765625 0.04375 0.1953125
12 0.57109375 0.70703125 0.1765625 0.1953125
12 0.5215890247453601 0.8321395388978414 0.23977266669318062 0.20914529977412108
10 0.8296875 0.83671875 0.340625 0.3265625