10 0.2546875 0.134375 0.45 0.26875
14 0.78671875 0.2296875 0.3046875 0.31875
14 0.6162691046441241 0.24487151643315955 0.22905832884638358 0.25203919794763896
14 0.51796875 0.175 0.0765625 0.259375
14 0.578125 0.06171875 0.196875 0.1234375
14 0.7328125 0.07421875 0.225 0.1484375
14 0.89921875 0.09765625 0.2015625 0.1953125
13 0.3625 0.51171875 0.234375 0.2453125
13 0.1953125 0.609375 0.390625 0.440625
13 0.35546875 0.75 0.2484375 0.41875
13 0.39609375 0.8921875 0.1671875 0.215625
11 0.73984375 0.69453125 0.5203125 0.6109375