10 0.2 0.184375 0.4 0.36875
11 0.778125 0.16328125 0.33125 0.3265625
11 0.16572840665325206 0.6273204466164589 0.2597065583264072 0.2823449469977085
11 0.05234375 0.50234375 0.1046875 0.2671875
12 0.5856270015572369 0.833819794071667 0.2364362015966055 0.17097103590354196
12 0.5322208172608369 0.7490622811538892 0.13105368182494193 0.07485714247680555
12 0.453125 0.68515625 0.10625 0.0796875
12 0.5376564392764969 0.5376708394745142 0.13748936562705047 0.15617987765916688
12 0.685457269314553 0.5255007606366672 0.15324169961943923 0.15966855357097245
12 0.58984375 0.4125 0.1484375 0.0875
12 0.70625 0.43125 0.140625 0.125
12 0.8972741784020819 0.4945274368328132 0.16446835969555132 0.1287094943004167
12 0.9241934585538687 0.6379871493137507 0.13883168973360754 0.11250261284152785
12 0.8394311393902276 0.7031380642076395 0.17795785672980174 0.11497430262104195
12 0.7577473992760593 0.7480673980794796 0.19128552768032883 0.1355777433504862
12 0.96328125 0.853125 0.0734375 0.140625