10 0.296875 0.0796875 0.528125 0.159375
10 0.5296875 0.10546875 0.2 0.1078125
10 0.121875 0.0671875 0.24375 0.134375
12 0.10703125 0.5203125 0.2140625 0.2375
12 0.23530131846727392 0.6171875 0.22047122303829686 0.2125
12 0.4143353721008163 0.6921875 0.18654276212797144 0.1796875
12 0.540625 0.7421875 0.178125 0.24375
12 0.8515958692258783 0.55078125 0.21753741273679478 0.253125
12 0.96953125 0.7484375 0.0609375 0.3
12 0.88671875 0.8828125 0.2265625 0.215625
12 0.87265625 0.3453125 0.2546875 0.290625
12 0.7296875 0.31484375 0.2 0.3109375
12 0.7078125 0.5203125 0.15625 0.178125