10 0.4546875 0.6359375 0.1828125 0.3015625
10 0.2203125 0.89921875 0.2 0.2015625
10 0.528125 0.92890625 0.20234375 0.1421875
10 0.7484375 0.753125 0.18828125 0.2671875
10 0.71640625 0.49453125 0.18515625 0.2265625
10 0.63671875 0.25234375 0.1171875 0.1984375
10 0.7984375 0.2953125 0.13984375 0.21953125
10 0.928125 0.56171875 0.10546875 0.18984375
10 0.971875 0.80390625 0.05546875 0.1609375
10 0.46328125 0.3953125 0.13046875 0.146875
10 0.2609375 0.28671875 0.1421875 0.18515625
10 0.4328125 0.14765625 0.15390625 0.11640625
10 0.0875 0.27109375 0.11796875 0.1796875