10 0.21953125 0.2796875 0.4390625 0.559375
9 0.6203125 0.2390625 0.3625 0.3125
9 0.90234375 0.28984375 0.1953125 0.2578125
9 0.6296875 0.50703125 0.275 0.1046875
9 0.94765625 0.5046875 0.1046875 0.109375
9 0.48359375 0.4890625 0.0890625 0.140625
9 0.18671875 0.96328125 0.2171875 0.0734375
9 0.22415626650072157 0.8457490427357566 0.1711728536432407 0.18826887023308564
9 0.075 0.846875 0.15 0.140625
9 0.13125 0.60703125 0.184375 0.0953125
9 0.41328125 0.73203125 0.0515625 0.2296875
9 0.415625 0.91171875 0.046875 0.1765625
9 0.35 0.640625 0.165625 0.1625
9 0.84140625 0.7796875 0.3171875 0.440625