10 0.125 0.103125 0.25 0.20625
7 0.94375 0.13203125 0.1125 0.2640625
7 0.66640625 0.07890625 0.2234375 0.1578125
7 0.5154657183466702 0.1885490863869042 0.11520008035608367 0.1605833751693421
7 0.6049452297107558 0.2494246313893786 0.0892648717519414 0.1951287935321364
7 0.79765625 0.33359375 0.1171875 0.1109375
7 0.66171875 0.36796875 0.1171875 0.0421875
7 0.6839196635581317 0.2413830800553261 0.09543305113509053 0.19076884215265544
9 0.1875 0.49375 0.125 0.209375
9 0.59765625 0.93671875 0.5046875 0.1265625
9 0.771875 0.8265625 0.45625 0.275
9 0.4590657138824432 0.6157290620766447 0.29704218993316045 0.2934378980092635
9 0.85234375 0.5390625 0.2953125 0.290625