10 0.25078125 0.1625 0.5015625 0.325
10 0.23984375 0.28046875 0.4796875 0.4390625
10 0.8546875 0.25 0.290625 0.5
14 0.3578125 0.853125 0.503125 0.29375
14 0.25 0.75 0.5 0.5
14 0.5015625 0.6515625 0.309375 0.303125
14 0.6296875 0.89140625 0.159375 0.2171875
14 0.6671875 0.72890625 0.084375 0.3015625
12 0.81796875 0.9078125 0.1984375 0.184375
12 0.78046875 0.65859375 0.1421875 0.1609375
12 0.8404349467884842 0.6164476828469895 0.13759773442229636 0.13478368605101831
12 0.81328125 0.5515625 0.1109375 0.103125