10 0.2 0.2 0.4 0.4
7 0.575 0.2859375 0.35 0.30625
7 0.85 0.32578125 0.3 0.2265625
7 0.23125 0.7015625 0.3375 0.525
8 0.53359375 0.4828125 0.2328125 0.0875
8 0.70703125 0.51171875 0.2609375 0.1453125
8 0.6841803671805364 0.6743449505082276 0.19192204169936514 0.2701136208772783
8 0.5357284953146395 0.6556011977362173 0.25243364436493215 0.3126343208208084
8 0.43828125 0.6046875 0.0765625 0.240625
8 0.46640625 0.85546875 0.1328125 0.1796875
8 0.6165850048815509 0.8794034478068046 0.17502404671392996 0.22545356826055957
8 0.7382925203209572 0.8934442900272362 0.14723401583511775 0.18171897881213822
8 0.8409772511206273 0.8992021953877302 0.14186455423577754 0.15800846302712301
8 0.93515625 0.9125 0.1296875 0.11875
8 0.8765625 0.50859375 0.221875 0.1390625
8 0.8284759364600086 0.6847224664344175 0.18286529044572397 0.28050508930724727
8 0.9390625 0.7046875 0.121875 0.25625