10 0.25 0.21953125 0.5 0.4390625
8 0.6265625 0.1765625 0.253125 0.353125
8 0.8546875 0.20859375 0.290625 0.4171875
9 0.1046875 0.83515625 0.209375 0.1578125
9 0.4078125 0.959375 0.184375 0.08125
7 0.9 0.5109375 0.2 0.14375
7 0.696875 0.47890625 0.128125 0.0796875
7 0.56640625 0.5046875 0.1328125 0.13125
7 0.91953125 0.78125 0.1609375 0.275
7 0.56484375 0.77734375 0.1296875 0.4453125
7 0.81328125 0.803125 0.1734375 0.39375
7 0.6780409830022751 0.871033068991998 0.12606928299298642 0.22222164772652384