10 0.2046875 0.26953125 0.409375 0.5390625
13 0.7046875 0.26953125 0.590625 0.5390625
12 0.32890625 0.65859375 0.1609375 0.2171875
12 0.37578125 0.8453125 0.0671875 0.2125
12 0.22890625 0.871875 0.1953125 0.25625
12 0.08074198269868711 0.729817760664518 0.15605300542706693 0.15395799985882572
12 0.178125 0.57421875 0.16875 0.0703125
12 0.11640625 0.61796875 0.1234375 0.1578125
12 0.32734375 0.575 0.1640625 0.071875
14 0.6125 0.8296875 0.40625 0.340625
14 0.780375733264514 0.7653556293344833 0.2808360786965297 0.3948853786991987
14 0.86875 0.67890625 0.2625 0.2796875
14 0.96484375 0.87578125 0.0703125 0.2484375