10 0.2046875 0.2046875 0.409375 0.409375
12 0.84765625 0.15 0.3046875 0.3
12 0.53984375 0.15625 0.2609375 0.24375
12 0.615625 0.33828125 0.321875 0.1421875
12 0.93515625 0.271875 0.1296875 0.275
11 0.36875 0.7578125 0.08125 0.484375
11 0.3296875 0.771875 0.159375 0.45625
11 0.271875 0.75625 0.228125 0.4875
11 0.17265625 0.75859375 0.2265625 0.4828125
11 0.09140625 0.7625 0.1828125 0.475
10 0.7078125 0.871875 0.425 0.25625
10 0.46171875 0.74375 0.1046875 0.35625
10 0.9140625 0.640625 0.171875 0.4625
10 0.75234375 0.565625 0.2859375 0.3125
10 0.525 0.4984375 0.23125 0.178125