10 0.43203125 0.30546875 0.2171875 0.1484375
10 0.39375 0.115625 0.21875 0.23125
10 0.25970974235030536 0.24689199825657368 0.15346914109057952 0.17296719123481452
10 0.29921875 0.35703125 0.1078125 0.0453125
10 0.2375 0.08203125 0.20625 0.1640625
10 0.1859375 0.2671875 0.103125 0.225
10 0.1015625 0.25703125 0.096875 0.2453125
7 0.7609375 0.22734375 0.1625 0.2984375
7 0.91328125 0.19453125 0.1734375 0.1796875
7 0.35625 0.67734375 0.646875 0.3203125
9 0.8330905683885771 0.854186379877731 0.13553063597150689 0.13267438190398123
9 0.94375 0.82421875 0.1125 0.1234375
9 0.971875 0.675 0.05625 0.1375
9 0.9453125 0.93828125 0.109375 0.1078125