10 0.19140625 0.234375 0.3828125 0.46875
14 0.284375 0.8265625 0.56875 0.346875
14 0.284375 0.709375 0.56875 0.48125
12 0.73046875 0.93828125 0.1984375 0.1234375
12 0.7515450755984124 0.7566638073288081 0.23956353012188503 0.29887381461827517
12 0.63984375 0.89921875 0.1421875 0.2015625
12 0.62109375 0.79453125 0.1046875 0.1890625
12 0.6125 0.6 0.0875 0.225
12 0.6609375 0.5 0.1625 0.0625
12 0.890625 0.55078125 0.2125 0.1640625
12 0.77578125 0.50859375 0.1609375 0.0796875
12 0.9421875 0.82890625 0.115625 0.2078125
12 0.896875 0.70546875 0.20625 0.2296875