10 0.19453125 0.2296875 0.3890625 0.459375
14 0.4734375 0.3734375 0.16875 0.171875
14 0.45859375 0.1140625 0.1390625 0.209375
14 0.5109375 0.2390625 0.24375 0.2125
14 0.61171875 0.365625 0.2515625 0.1875
14 0.890625 0.42265625 0.196875 0.0734375
14 0.8207662143738247 0.3048907532661205 0.2680628863872972 0.2665783681758551
14 0.7281369984799442 0.14895083738228285 0.33018088441013066 0.2608435786427291
14 0.609375 0.06875 0.28125 0.1375
14 0.84921875 0.02890625 0.2390625 0.0578125
14 0.90234375 0.1078125 0.1953125 0.215625
14 0.925 0.240625 0.15 0.284375
14 0.93828125 0.36875 0.1234375 0.18125
12 0.090625 0.80703125 0.18125 0.1796875
11 0.75 0.90234375 0.35625 0.1953125
11 0.65546875 0.6203125 0.3484375 0.321875
11 0.87890625 0.53984375 0.2421875 0.1609375