10 0.209375 0.25 0.41875 0.5
11 0.83515625 0.1 0.3296875 0.2
11 0.6734375 0.15546875 0.3875 0.3109375
11 0.5421875 0.16640625 0.246875 0.3328125
12 0.05 0.96484375 0.1 0.0703125
12 0.021875 0.52890625 0.04375 0.0578125
12 0.2680075350528517 0.6562026074292977 0.12184842378986112 0.11942268657189174
12 0.1262073801461831 0.916394697984769 0.12200555404758581 0.15222609621281222
12 0.19757444708406782 0.8519463786047325 0.13097111827193722 0.14446813836728972
12 0.275 0.959375 0.10625 0.08125
12 0.4078125 0.825 0.021875 0.13125
12 0.36171875 0.7328125 0.1140625 0.121875
12 0.3063120392367232 0.760363387483527 0.1044905054270668 0.14587610226293624
12 0.35859375 0.51953125 0.1015625 0.0390625
12 0.16796875 0.5390625 0.0953125 0.078125
12 0.23299512720550714 0.5637833032727675 0.08945200361804453 0.09736587939029935
12 0.13562440298610454 0.736707197984769 0.1137769742194024 0.1740465540583343
12 0.07369761307201284 0.7254060836215843 0.1100787641334943 0.16309087334017516
11 0.75390625 0.75 0.4921875 0.5
11 0.62890625 0.8859375 0.4203125 0.228125