11 0.06171875 0.31015625 0.1234375 0.6203125
11 0.10078125 0.31484375 0.2015625 0.6296875
11 0.1453125 0.31484375 0.290625 0.6296875
11 0.1953125 0.31484375 0.3625 0.6296875
11 0.28359375 0.34375 0.3578125 0.571875
11 0.33125 0.39140625 0.26875 0.4765625
12 0.7407965818643485 0.4159780952118779 0.12431832654882306 0.1145538089182919
12 0.8836635125516145 0.3381476621759415 0.09759205223856356 0.10957137797604233
12 0.882779363976524 0.42982706378509583 0.09035940637700648 0.09038433540139543
12 0.9472070341483405 0.41237711985339603 0.0885512449116174 0.08558757475773363
12 0.40234375 0.9328125 0.1328125 0.134375
12 0.45234375 0.9328125 0.0328125 0.134375
12 0.34663382406243226 0.8341650025210153 0.14864329715018093 0.19253669728589448
12 0.1765625 0.7234375 0.2 0.1875
12 0.11765565298610454 0.8644159591900639 0.1590894742194024 0.18392652179152655
12 0.02578125 0.83125 0.0515625 0.1875
12 0.23463179104574552 0.8467199968210324 0.15183689620024127 0.2534741972858945
12 0.28125 0.953125 0.13125 0.09375
11 0.6390625 0.81484375 0.340625 0.3703125