11 0.184375 0.0640625 0.36875 0.128125
11 0.184375 0.1125 0.36875 0.225
11 0.184375 0.16328125 0.36875 0.2953125
11 0.184375 0.2671875 0.36875 0.3
11 0.184375 0.334375 0.36875 0.26875
11 0.184375 0.3828125 0.36875 0.271875
11 0.184375 0.44609375 0.36875 0.1453125
13 0.875 0.2828125 0.25 0.471875
13 0.6640625 0.10703125 0.590625 0.2140625
13 0.59375 0.31796875 0.45 0.4015625
12 0.32578125 0.7171875 0.0859375 0.1875
12 0.23359375 0.5984375 0.1859375 0.159375
12 0.21010904441485573 0.7343341887940762 0.2087633838228234 0.22770127667402046
12 0.31015625 0.86328125 0.1171875 0.1890625
12 0.07734375 0.60390625 0.1546875 0.1703125