11 0.5078125 0.32705490244499097 0.1453125 0.24623675546001172
11 0.34609375 0.22244766652981657 0.090625 0.19802265394280302
11 0.234375 0.3445781448589473 0.1453125 0.11342425546001182
11 0.1453125 0.47109375 0.253125 0.0578125
11 0.19453125 0.3983569780392666 0.2578125 0.1257325500096984
14 0.63515625 0.43671875 0.0703125 0.1265625
14 0.64609375 0.271875 0.0921875 0.209375
14 0.6484375 0.08828125 0.096875 0.1765625
14 0.7859375 0.07578125 0.1625 0.1515625
14 0.80234375 0.2661968929020933 0.225 0.23555408909937298
14 0.7875 0.4234375 0.303125 0.153125
14 0.94140625 0.40390625 0.1171875 0.1921875
14 0.928125 0.2484375 0.14375 0.25
14 0.9 0.09296875 0.2 0.1859375
12 0.51484375 0.56796875 0.1609375 0.1359375
12 0.1609375 0.5640625 0.13125 0.128125
12 0.35 0.6643322775899231 0.1625 0.17420225879399176
12 0.3421875 0.55546875 0.21875 0.1109375
12 0.284375 0.8464753557692726 0.1453125 0.19467425546001174
12 0.4125 0.9171875 0.175 0.165625
12 0.55390625 0.87578125 0.0921875 0.2171875
13 0.8 0.75 0.4 0.5