11 0.18667858673189713 0.21151154293430524 0.37121860747782165 0.3705008700597225
11 0.3953125 0.40703125 0.36875 0.2234375
13 0.8296875 0.259375 0.340625 0.51875
12 0.31953125 0.91328125 0.2109375 0.1734375
12 0.44921875 0.934375 0.2109375 0.13125
12 0.5765625 0.9265625 0.165625 0.146875
12 0.590625 0.8828125 0.1375 0.225
12 0.53828125 0.66328125 0.2421875 0.2109375
12 0.40987744316081154 0.7385429023573606 0.27258908548249733 0.22158928495361127
12 0.3241184645314359 0.7945402888502426 0.24654680373891083 0.1866687710859029
12 0.19023852676920905 0.6802621961446873 0.23283950124939992 0.191028962765278
12 0.15058587614915356 0.7766657238801039 0.19496099295103003 0.20574477298576407
12 0.18984375 0.92890625 0.2484375 0.1421875
10 0.8296875 0.759375 0.340625 0.48125