11 0.2875 0.0234375 0.3125 0.046875
11 0.09903284770633736 0.24232911927118464 0.18920790041956276 0.18953630935708982
11 0.2156516626434029 0.26907233792173085 0.11643232863402009 0.13561133068109027
11 0.44921875 0.3125 0.1640625 0.134375
11 0.38240329999071127 0.14926727323364092 0.1924979211654872 0.15054653469127163
11 0.5359375 0.1359375 0.146875 0.121875
11 0.59296875 0.0421875 0.0328125 0.084375
11 0.31796875 0.334375 0.1328125 0.090625
11 0.10625 0.36171875 0.14375 0.0359375
11 0.02109375 0.33828125 0.0421875 0.0828125
11 0.0234375 0.24765625 0.046875 0.1171875
11 0.54765625 0.3359375 0.1234375 0.0875
11 0.56953125 0.26953125 0.0796875 0.1328125
12 0.65703125 0.29921875 0.0953125 0.1609375
13 0.3046875 0.68984375 0.609375 0.6203125
11 0.8046875 0.68984375 0.390625 0.6203125