11 0.34140625 0.12421875 0.3953125 0.2484375
13 0.7609375 0.15546875 0.44375 0.2484375
10 0.30889083205057133 0.6443419432191861 0.40047247840531675 0.45673688810275975
10 0.20234375 0.94296875 0.3546875 0.1140625
10 0.12734375 0.82890625 0.2546875 0.3203125
10 0.075 0.53828125 0.15 0.3921875
10 0.46796875 0.80234375 0.1421875 0.3953125
10 0.4640625 0.48203125 0.15 0.3359375
10 0.40625 0.94765625 0.265625 0.1046875
11 0.9328125 0.40703125 0.134375 0.2546875
11 0.60234375 0.87265625 0.1265625 0.2546875
11 0.61328125 0.70234375 0.1484375 0.2203125
11 0.59609375 0.5296875 0.1140625 0.178125
11 0.7283138556478393 0.5533003573206795 0.2400590052417871 0.28023378660541703
11 0.88046875 0.49140625 0.2390625 0.3734375
11 0.7879742481542987 0.8119373408896496 0.2916820619970474 0.26175571838572587