11 0.09296875 0.134375 0.1859375 0.26875
11 0.40625 0.21171875 0.20625 0.1140625
11 0.3296875 0.1828125 0.165625 0.171875
11 0.22265625 0.17890625 0.1703125 0.1796875
14 0.7796875 0.18125 0.440625 0.175
11 0.20546875 0.353125 0.4109375 0.16875
11 0.2564529704367501 0.46439269421941276 0.38915444535249044 0.300164415056209
11 0.23198825986075322 0.6400001892764968 0.33408515027114644 0.2323110701894054
11 0.23528091062287898 0.745628106766983 0.352916963502863 0.2471375741437382
11 0.241503118664793 0.8849771082498575 0.3009090359079618 0.16847406326932307
12 0.61953125 0.71640625 0.1203125 0.3265625