11 0.26328125 0.28203125 0.5265625 0.1359375
11 0.26796875 0.24140625 0.5359375 0.2171875
11 0.246875 0.18359375 0.49375 0.2703125
11 0.2609375 0.115625 0.521875 0.23125
11 0.2765625 0.075 0.553125 0.15
11 0.28984375 0.04375 0.5796875 0.0875
12 0.6609375 0.21015625 0.1625 0.2390625
12 0.8620640288172513 0.16121211046989514 0.18377853084255094 0.23855727298576399
12 0.54921875 0.81328125 0.0609375 0.2234375
12 0.5296875 0.4328125 0.1 0.140625
12 0.3136212057680637 0.7790451882609025 0.32122398376465033 0.23863262100965307
12 0.1920713084452817 0.5842983455553471 0.1816160129856435 0.2041459053945836
12 0.23253444156130887 0.4584073395714234 0.2052523360381265 0.12660278685347243
12 0.2625 0.38671875 0.178125 0.0734375
12 0.37421875 0.40234375 0.1609375 0.1046875
12 0.5203125 0.51640625 0.11875 0.1484375
12 0.4021651030875503 0.49350577213274266 0.13502165665497756 0.12965374525034737
12 0.3063110864484589 0.5714872613991664 0.11920574188232518 0.11835256933854162
12 0.5015625 0.6390625 0.15625 0.175
12 0.47421875 0.38125 0.1203125 0.0625
13 0.78984375 0.675 0.4203125 0.65