11 0.128125 0.353125 0.25625 0.571875
12 0.484375 0.37421875 0.090625 0.1484375
12 0.46171875 0.5921875 0.0453125 0.09375
12 0.6876303242700915 0.37287777915282244 0.0950964694628702 0.11019462523071262
12 0.8638716125829158 0.2680937422942026 0.11392438190398124 0.13004605027685515
12 0.9391067669655084 0.19413700571243786 0.08429567049962934 0.11105621838316741
12 0.628125 0.028125 0.078125 0.05625
12 0.7507284806789345 0.1512147277962331 0.13193208812453677 0.14052247532299766
12 0.48984375 0.19453125 0.1015625 0.1046875
12 0.5563810327997213 0.3184382078995928 0.13452940782296263 0.17020997532299767
12 0.11171875 0.678125 0.2234375 0.078125
12 0.32421875 0.896875 0.1578125 0.20625
12 0.40703125 0.8625 0.0640625 0.275
13 0.71953125 0.81953125 0.5609375 0.3609375