11 0.0796875 0.1625 0.159375 0.325
11 0.20234375 0.24453125 0.3546875 0.4890625
11 0.69140625 0.0953125 0.6171875 0.190625
11 0.68984375 0.15 0.6203125 0.3
11 0.68984375 0.2 0.6203125 0.4
11 0.68984375 0.23046875 0.6203125 0.4609375
11 0.68984375 0.2703125 0.6203125 0.4375
11 0.68984375 0.328125 0.6203125 0.321875
11 0.68984375 0.3578125 0.6203125 0.2625
11 0.68984375 0.40703125 0.6203125 0.1640625
14 0.21020369967898372 0.8687510039511531 0.22243192775829587 0.23135868968362513
14 0.23125 0.95546875 0.296875 0.0890625
14 0.32578125 0.83984375 0.1078125 0.2046875
14 0.21272254789197484 0.6796155711308545 0.2548353246740408 0.21098436813616886
14 0.21796875 0.58203125 0.2390625 0.1859375
14 0.09140625 0.68359375 0.1828125 0.2359375
14 0.03515625 0.778125 0.0703125 0.184375
14 0.05859375 0.909375 0.1171875 0.18125
12 0.50625 0.89453125 0.253125 0.2109375
12 0.5869628429412806 0.7390265355654273 0.16881600405718977 0.19827425790331618
12 0.78125 0.57734375 0.271875 0.1765625
12 0.8060634448077199 0.6945310424287536 0.1963955332781829 0.16964983943406792
12 0.96171875 0.78125 0.0765625 0.2125
12 0.7664594281686282 0.7667385842341192 0.196559174511885 0.17902483943406794
12 0.9041718879905865 0.8570643762472809 0.14140802434972918 0.14735704201316152
12 0.9265625 0.9546875 0.128125 0.090625
12 0.6951690349063313 0.8610288132275384 0.2486398717519413 0.21352590557377943
12 0.94140625 0.69453125 0.1171875 0.1671875