11 0.16328125 0.33203125 0.3265625 0.3546875
13 0.7296875 0.2546875 0.540625 0.509375
12 0.3873982408446893 0.822525696610457 0.08323414065150558 0.10248974801081764
12 0.24559766516145887 0.678922241963729 0.1010218413771451 0.11987724267981754
12 0.19329360989664854 0.5889426793045922 0.07235120435383643 0.10392497867599956
12 0.38453616878965596 0.5914029659452752 0.11848215988879929 0.12788973734881742
12 0.490625 0.9328125 0.0625 0.134375
12 0.8307191988267227 0.8295996632320503 0.13210815027015244 0.1155533693507265
12 0.758945891747814 0.7827979359086861 0.08841271397248321 0.11660679201145392
12 0.5982167228733399 0.8010677725970942 0.18728672359113024 0.130252216024817
12 0.5918452157017638 0.648079132598685 0.0876488221398514 0.09473179201145392
12 0.50078125 0.7171875 0.0828125 0.1375