11 0.48828125 0.2578125 0.2421875 0.465625
11 0.30625 0.36171875 0.459375 0.3546875
12 0.92265625 0.12265625 0.1546875 0.2359375
12 0.8703125 0.22421875 0.259375 0.2234375
12 0.8713308415145601 0.37970834614065313 0.2501651419239656 0.21434615132872495
12 0.93671875 0.02421875 0.1265625 0.0484375
12 0.83046875 0.09296875 0.2015625 0.1859375
12 0.24296875 0.628125 0.2203125 0.178125
12 0.16003702574366185 0.7769989583574286 0.18473756299888783 0.18455200293344554
12 0.10234375 0.896875 0.2046875 0.20625
12 0.84375 0.70546875 0.3125 0.3328125
12 0.81875 0.91640625 0.3625 0.1671875
12 0.71171875 0.86953125 0.2046875 0.2609375