11 0.44765625 0.18203125 0.1234375 0.3640625
11 0.48359375 0.2328125 0.0515625 0.4125
11 0.38996557836907486 0.21400104800435268 0.09314015607953632 0.3907842387901123
11 0.3359226273323156 0.21996387664274414 0.1508747436384251 0.37688097758022476
11 0.25625 0.17265625 0.125 0.3453125
11 0.1109375 0.18046875 0.1375 0.3609375
11 0.05390625 0.1390625 0.1078125 0.278125
11 0.16796875 0.46328125 0.1203125 0.0921875
14 0.7296875 0.27734375 0.440625 0.4640625
12 0.18681330966014 0.86860738135385 0.27396234618305515 0.24110245849442932
12 0.4578125 0.7390625 0.103125 0.2
12 0.41953125 0.5703125 0.1796875 0.121875
12 0.32910599081018593 0.660747470743087 0.15523288708777763 0.1429842097023773
12 0.49765625 0.8765625 0.0234375 0.115625
12 0.47421875 0.9078125 0.0703125 0.06875
12 0.44649110603148257 0.8528397627076998 0.07136644354388863 0.07098192182065048
14 0.88828125 0.74921875 0.2234375 0.3140625