11 0.4421875 0.3734375 0.215625 0.371875
11 0.4734375 0.49453125 0.153125 0.1296875
11 0.915625 0.0625 0.16875 0.125
11 0.771875 0.0359375 0.2625 0.071875
14 0.24453125 0.865625 0.4421875 0.26875
12 0.60234375 0.68671875 0.1046875 0.1078125
12 0.7514689920049682 0.8268399319303213 0.23037836729005107 0.12142265603118041
12 0.8996570280111259 0.7337155459102769 0.15399767447164336 0.1517817706874535
12 0.8619848320694603 0.6294734885821403 0.11786927693097127 0.11855110001590852
12 0.7484375 0.6015625 0.15 0.084375
12 0.9640625 0.61875 0.071875 0.11875
12 0.9640625 0.7078125 0.071875 0.115625
12 0.96875 0.81484375 0.0625 0.1234375