11 0.2296875 0.2765625 0.459375 0.525
11 0.7634094509951852 0.23225441697555746 0.28791964681406557 0.3204861479078998
11 0.33828125 0.58359375 0.2421875 0.0890625
11 0.22534652481650283 0.7973560834029607 0.2732234842842344 0.07193952050323808
11 0.258253224154549 0.743948341207509 0.3015668081055519 0.07760916714519332
11 0.16566977192101878 0.6886829770496912 0.1721318651776464 0.04500994355406327
11 0.18204178867024173 0.6553521218775481 0.10912244292790536 0.03188989546082901
11 0.14089240384788812 0.6177901236916467 0.11995293507002262 0.06346727767481415
11 0.24209522312109177 0.8396700689749904 0.26384848428423435 0.07161213828925277
11 0.21167782299725726 0.8898709656169459 0.24160961124870503 0.06303574645662095
11 0.19679553164092844 0.9247097570867581 0.2827440334984459 0.07539190271722304
11 0.2135442299455173 0.9670237426587878 0.20999573821317571 0.05413197241000382
11 0.20078125 0.9828125 0.1671875 0.034375
12 0.8965087413180568 0.6238516068166057 0.1456079065339754 0.07840279691210786
12 0.50625 0.58203125 0.09375 0.0609375
12 0.7203250769261986 0.672122959626496 0.09720894789030403 0.11103175843752063
12 0.825 0.58203125 0.1625 0.0859375