11 0.24296875 0.56015625 0.3515625 0.0578125
11 0.27914248920265833 0.1935080267886843 0.2794800555186425 0.3699561134861197
12 0.8765625 0.36484375 0.246875 0.2953125
12 0.75 0.4703125 0.2 0.2375
12 0.6953125 0.1984375 0.090625 0.203125
12 0.2671875 0.9359375 0.284375 0.128125
12 0.0859375 0.8453125 0.171875 0.246875
12 0.14296875 0.7484375 0.2859375 0.21875
12 0.0984375 0.671875 0.196875 0.165625
12 0.47302380860096155 0.737496056018144 0.1562266209117759 0.17454066191590947
12 0.578125 0.70546875 0.14375 0.1828125
12 0.33140800508490376 0.7016986115075626 0.15801036397194573 0.12936455423577745
12 0.79375 0.6609375 0.2875 0.14375
12 0.6984375 0.82421875 0.096875 0.3515625