11 0.19453125 0.428125 0.3890625 0.403125
11 0.25078125 0.31796875 0.2765625 0.4140625
11 0.26484375 0.16640625 0.2484375 0.3328125
12 0.93203125 0.17890625 0.1359375 0.2203125
12 0.94140625 0.296875 0.1171875 0.196875
12 0.8871667152291867 0.42906077055257724 0.1423522266868172 0.15662797355046648
12 0.7754677885900945 0.21929238645053228 0.1912624413589988 0.20007413666229362
12 0.6527569945894581 0.21683597340929203 0.13257723734881743 0.12170694198043534
12 0.5820728719366848 0.11030598137238705 0.15170904535327168 0.15561150512049765
12 0.484375 0.08984375 0.190625 0.1796875
12 0.46015625 0.1796875 0.1421875 0.196875
12 0.46171875 0.32265625 0.1453125 0.2109375
12 0.5817434185630501 0.4073629918957307 0.12825336401972648 0.15268392619541976
12 0.767326382558914 0.44866136803468065 0.242715853357726 0.19370231029746493
12 0.91328125 0.5828125 0.1703125 0.09375
12 0.6597587832193235 0.4885212576101591 0.1830317706874535 0.16368161035393455
12 0.5136104892186871 0.4846997656438411 0.11833292401336308 0.10526289462538899
12 0.6494405432447768 0.30029321551678423 0.1595942706874535 0.1623165314288567
12 0.30625 0.8953125 0.165625 0.15
12 0.23046875 0.75390625 0.3171875 0.2484375
12 0.0765625 0.8046875 0.153125 0.228125
12 0.0484375 0.7078125 0.096875 0.15625
12 0.22734375 0.940625 0.1859375 0.11875
13 0.69453125 0.81484375 0.6109375 0.3703125