11 0.3875 0.11796875 0.2625 0.2359375
11 0.15703125 0.275 0.3140625 0.328125
12 0.58125 0.140625 0.125 0.28125
12 0.6904932812876824 0.16816038611163237 0.250027905007558 0.2742051386770835
12 0.7946424549934406 0.14795894851631997 0.23634483660582398 0.2536016979476391
11 0.425 0.77421875 0.1875 0.4515625
11 0.3453125 0.78359375 0.346875 0.4328125
11 0.33046875 0.8890625 0.3765625 0.221875
11 0.5390625 0.7265625 0.040625 0.215625
11 0.60546875 0.809375 0.1734375 0.290625
11 0.665625 0.8 0.29375 0.4
11 0.78125 0.82734375 0.265625 0.3453125
11 0.9 0.84765625 0.2 0.3046875