11 0.3203125 0.30625 0.51875 0.346875
11 0.34765625 0.43046875 0.4640625 0.1390625
11 0.1671875 0.140625 0.334375 0.28125
12 0.77578125 0.4546875 0.1609375 0.090625
12 0.9828125 0.43359375 0.034375 0.1328125
12 0.9796875 0.321875 0.040625 0.109375
12 0.8709199254363323 0.27881847169428653 0.1137627055509384 0.1849931444174139
12 0.7818985292003846 0.37515259532904927 0.13213602076024672 0.09918290944452864
12 0.7925774081361269 0.19635088445846494 0.15544618676785796 0.09619426483072288
12 0.77351834342111 0.28450032425181043 0.14332818874502423 0.105496541958086
12 0.63125 0.3984375 0.103125 0.121875
14 0.34453125 0.74140625 0.4703125 0.4453125
14 0.15546875 0.915625 0.3109375 0.16875
14 0.13671875 0.61015625 0.2734375 0.2203125
11 0.65 0.75 0.140625 0.5
11 0.778125 0.75 0.35 0.5