11 0.23984375 0.35078125 0.4796875 0.3171875
11 0.23984375 0.2515625 0.4796875 0.353125
12 0.73984375 0.19140625 0.5203125 0.3828125
12 0.92734375 0.3203125 0.1453125 0.378125
12 0.09765625 0.7953125 0.1953125 0.178125
12 0.06328125 0.8734375 0.1265625 0.125
12 0.29609375 0.9515625 0.2140625 0.096875
12 0.08203125 0.96328125 0.1640625 0.0734375
12 0.33787675441144316 0.7404528433702925 0.13624520060802253 0.17000613342392407
12 0.3828125 0.57578125 0.19375 0.1328125
10 0.76015625 0.67421875 0.4796875 0.3296875
10 0.859375 0.88828125 0.28125 0.2234375