11 0.11328125 0.18671875 0.2265625 0.3640625
11 0.24765625 0.24765625 0.2078125 0.2421875
11 0.3671875 0.26484375 0.165625 0.2078125
11 0.878125 0.184375 0.24375 0.36875
11 0.72109375 0.184375 0.2484375 0.36875
11 0.540625 0.22734375 0.18125 0.2828125
12 0.05 0.846875 0.1 0.26875
12 0.1752228481705874 0.8850384348392197 0.21194118302809456 0.192924896270378
12 0.34083915994254416 0.7894863686527545 0.21187936148063838 0.22550059793005187
12 0.22256999043330622 0.7185487518508779 0.12323223585674548 0.1567254419114116
12 0.15565563373601474 0.6126907607739476 0.20341915432599364 0.13487559793005205
12 0.19279339267932052 0.49739672488117614 0.18808588560718836 0.13681660622842173
12 0.0640625 0.48828125 0.128125 0.1765625
11 0.840625 0.62578125 0.31875 0.3046875
11 0.7828125 0.85234375 0.434375 0.2578125
11 0.790625 0.96171875 0.41875 0.0765625