11 0.1875 0.184375 0.375 0.36875
14 0.9046875 0.184375 0.190625 0.36875
14 0.6796875 0.20859375 0.38125 0.3203125
12 0.07734375 0.47578125 0.1546875 0.2140625
12 0.02109375 0.83046875 0.0421875 0.2421875
12 0.17489359653931552 0.8879948181378768 0.3222521391103733 0.1892322322426839
12 0.1549864049926187 0.6506858191264601 0.2629167119047624 0.21174921939110264
12 0.3144441432724264 0.511029117035563 0.20448245064599532 0.24832870653952135
12 0.453125 0.61796875 0.071875 0.1828125
12 0.39375 0.74140625 0.190625 0.2171875
12 0.38984375 0.934375 0.1921875 0.13125