11 0.3046875 0.234375 0.609375 0.46875
11 0.8046875 0.234375 0.390625 0.46875
12 0.515625 0.91171875 0.1875 0.1765625
12 0.331907571264194 0.6246405280186089 0.34183889255730227 0.27247253154309375
12 0.0890625 0.91171875 0.178125 0.1765625
12 0.6390625 0.93671875 0.059375 0.0828125
12 0.7225150748876293 0.9101725184708392 0.21866531433340342 0.12512208963168234
12 0.88671875 0.96171875 0.1671875 0.0765625
12 0.8984375 0.97578125 0.184375 0.0484375
12 0.8109375 0.9734375 0.159375 0.053125
12 0.827541783590053 0.8512254161911098 0.16852237208101153 0.1042642153566284
12 0.7528688943401056 0.7629190101724695 0.13947922880480493 0.07725142946385696
12 0.934375 0.80546875 0.13125 0.1203125
12 0.7116468128377663 0.6944640854824973 0.14806692982861946 0.08565592531467221
12 0.8313270540663437 0.6940874224148871 0.1596245906476713 0.09273471950581325
12 0.97578125 0.76640625 0.0484375 0.0890625