11 0.28400207895902707 0.3560754699126104 0.4477084238095249 0.41540030878812395
11 0.37421875 0.09765625 0.3171875 0.1953125
12 0.7367136736526414 0.4177106180384662 0.27333258019564466 0.24968907759274223
12 0.8609375 0.04765625 0.278125 0.0953125
12 0.8057385741786651 0.1927991977427797 0.257747152990034 0.2741889724198929
12 0.92421875 0.22421875 0.1515625 0.3578125
12 0.66328125 0.22265625 0.2265625 0.1984375
11 0.1859375 0.96328125 0.278125 0.0734375
11 0.12265625 0.76640625 0.2453125 0.1359375
11 0.1390625 0.82578125 0.278125 0.1484375
11 0.0546875 0.85390625 0.109375 0.0859375
11 0.04296875 0.88984375 0.0859375 0.0578125
11 0.0234375 0.91484375 0.046875 0.0890625
11 0.13782228408084266 0.7321822949980703 0.25967299352159506 0.13388222116625173
11 0.12025524984311646 0.6770856180384662 0.23699695712440044 0.12074572367353423
11 0.12578125 0.6390625 0.2515625 0.140625
11 0.1390625 0.61171875 0.20625 0.0859375
11 0.13359375 0.59453125 0.1640625 0.0515625