11 0.06953125 0.62578125 0.05390625 0.29765625
11 0.14375 0.615625 0.03828125 0.2828125
11 0.25859375 0.54296875 0.06640625 0.24375
11 0.30625 0.60234375 0.0484375 0.209375
11 0.35546875 0.6171875 0.03828125 0.18125
11 0.37890625 0.52421875 0.04375 0.18984375
11 0.43046875 0.60859375 0.0484375 0.26328125
11 0.47109375 0.60546875 0.0296875 0.24140625
11 0.51171875 0.51484375 0.0625 0.15859375
11 0.57421875 0.45625 0.04375 0.1859375
11 0.6234375 0.54375 0.046875 0.30546875
11 0.675 0.58671875 0.0421875 0.284375
11 0.721875 0.509375 0.04453125 0.2984375
11 0.7859375 0.52421875 0.05078125 0.28515625
11 0.10703125 0.846875 0.0625 0.259375
11 0.18046875 0.853125 0.04296875 0.28125
11 0.228125 0.840625 0.0296875 0.2421875
11 0.284375 0.82734375 0.06328125 0.2734375
11 0.35390625 0.83125 0.0375 0.228125
11 0.4078125 0.821875 0.04765625 0.165625
11 0.4578125 0.84296875 0.06171875 0.31171875
11 0.50859375 0.8234375 0.040625 0.240625
11 0.596875 0.7921875 0.05078125 0.178125
11 0.54921875 0.6984375 0.03359375 0.12734375
11 0.653125 0.853125 0.046875 0.29375
11 0.71484375 0.846875 0.0484375 0.30625
11 0.77421875 0.76171875 0.03828125 0.15234375
11 0.8359375 0.83046875 0.04921875 0.26875
11 0.8859375 0.85390625 0.04375 0.2921875
11 0.9078125 0.721875 0.0546875 0.11796875
11 0.92578125 0.64921875 0.04453125 0.11875
11 0.95625 0.590625 0.053125 0.1375