11 0.7453125 0.34765625 0.08359375 0.37890625
11 0.81328125 0.41171875 0.04609375 0.403125
11 0.68125 0.39296875 0.0265625 0.38359375
11 0.62734375 0.39921875 0.0875 0.3609375
11 0.5359375 0.33125 0.06015625 0.3796875
11 0.3921875 0.34921875 0.07109375 0.371875
11 0.30546875 0.265625 0.06796875 0.37734375
11 0.35546875 0.771875 0.07265625 0.33828125
11 0.23515625 0.31328125 0.0640625 0.30859375
11 0.18359375 0.475 0.06015625 0.43984375
11 0.52265625 0.76171875 0.065625 0.31484375
11 0.68125 0.7890625 0.06875 0.25625
11 0.60390625 0.8359375 0.04765625 0.2734375
11 0.4625 0.81796875 0.0625 0.2609375