12 0.028125 0.17734375 0.05625 0.2640625
12 0.11171875 0.23515625 0.2234375 0.3078125
12 0.2708735270848181 0.2988182771116753 0.1885597839891055 0.23994320357377177
12 0.35703125 0.10625 0.2171875 0.2125
12 0.2390625 0.06328125 0.20625 0.1265625
12 0.07421875 0.0359375 0.1484375 0.071875
12 0.80546875 0.44140625 0.1703125 0.0546875
12 0.871875 0.08046875 0.25625 0.1609375
12 0.659375 0.35390625 0.08125 0.2296875
12 0.4714082082595611 0.7731152815602995 0.2236628260824803 0.25384387749004844
12 0.37099795555813797 0.7039434703053237 0.1535631577089811 0.20110619665368965
12 0.378125 0.54140625 0.14375 0.1453125
12 0.5244708370293469 0.584677522663051 0.13097552616718494 0.16121602570316257
12 0.4765625 0.5234375 0.134375 0.109375
12 0.24216105304024152 0.8284407460084863 0.19024411035393446 0.18857170456235509
12 0.3772347320782587 0.9180232163509909 0.17234397881213823 0.14887253460041094
13 0.871875 0.7640625 0.25625 0.4125
13 0.76015625 0.8421875 0.2828125 0.315625