12 0.740625 0.546875 0.159375 0.31328125
12 0.89453125 0.64921875 0.13671875 0.26484375
12 0.83359375 0.20390625 0.28046875 0.20234375
12 0.39921875 0.43359375 0.253125 0.2234375
12 0.31796875 0.1515625 0.1109375 0.25859375
12 0.50234375 0.2609375 0.26796875 0.15234375
12 0.57890625 0.1296875 0.22265625 0.11796875
12 0.17265625 0.446875 0.165625 0.26796875
12 0.29453125 0.6734375 0.296875 0.1859375
12 0.28203125 0.9265625 0.2890625 0.146875
12 0.06875 0.846875 0.1375 0.2375
12 0.52734375 0.73046875 0.14375 0.1359375
12 0.59140625 0.5828125 0.1078125 0.175
12 0.14609375 0.10078125 0.20859375 0.1828125
12 0.78203125 0.865625 0.13984375 0.26796875