12 0.4 0.14453125 0.1 0.1671875
12 0.053125 0.41171875 0.10625 0.1359375
11 0.81015625 0.34140625 0.2015625 0.2765625
11 0.6 0.34921875 0.20625 0.2609375
11 0.8921875 0.3046875 0.15 0.35
12 0.1421875 0.97421875 0.15625 0.0515625
12 0.25546875 0.946875 0.1109375 0.10625
12 0.41171875 0.64296875 0.0765625 0.1609375
12 0.33713473130172866 0.6548784313678315 0.09447834802672617 0.2006313527754692
12 0.18788870930141055 0.651141983231267 0.20795904535327187 0.1552790434976597
12 0.21852908728518408 0.771978406653252 0.17343859468490824 0.141378369581383
12 0.340625 0.9484375 0.121875 0.103125
12 0.34370126261141165 0.8294473498469006 0.11231928134945388 0.12327035672980173
12 0.41640625 0.753125 0.0671875 0.109375
12 0.17758536660568464 0.8648861482502952 0.143332924013363 0.10423119665368966
12 0.896875 0.590625 0.20625 0.20625
12 0.91875 0.828125 0.1625 0.221875
12 0.8046875 0.9171875 0.203125 0.165625
12 0.6315552512730938 0.8501777080223961 0.14433289735836255 0.19016869665368966
12 0.7267506672899566 0.7297789777940595 0.19783970536281686 0.22514587452429877
12 0.740625 0.54296875 0.190625 0.1265625
12 0.50546875 0.85703125 0.1109375 0.1828125