12 0.084375 0.50625 0.16875 0.146875
12 0.06875 0.41328125 0.1375 0.1359375
12 0.02734375 0.359375 0.0546875 0.140625
12 0.03515625 0.25546875 0.0703125 0.1671875
12 0.09104050772872067 0.18938139414446034 0.12555827573218323 0.11735102698730664
12 0.17950249615074904 0.2847870932719402 0.18311736065745415 0.1632533888718056
12 0.2375004525883277 0.4117923536635004 0.22612598749546714 0.17401592625067258
12 0.2125 0.50625 0.221875 0.146875
12 0.13828125 0.5625 0.1140625 0.034375
12 0.24358173549933868 0.7945666488360373 0.1833566216855326 0.20980060694082034
12 0.234375 0.61484375 0.171875 0.0703125
12 0.37265625 0.6296875 0.2015625 0.1
13 0.74453125 0.78984375 0.5109375 0.4203125