12 0.3482663595524141 0.17086911844420188 0.1849688410815748 0.11504703780340293
12 0.45546875 0.26171875 0.1265625 0.1328125
12 0.21015625 0.028125 0.1890625 0.05625
12 0.4484375 0.0703125 0.140625 0.140625
11 0.84296875 0.05546875 0.3140625 0.1109375
11 0.834375 0.0953125 0.33125 0.190625
11 0.85390625 0.1859375 0.2921875 0.196875
11 0.83984375 0.2734375 0.3203125 0.2
11 0.8625 0.34375 0.275 0.20625
11 0.85859375 0.40078125 0.2828125 0.1578125
13 0.30234375 0.73984375 0.4328125 0.5203125
13 0.07265625 0.78515625 0.1453125 0.4296875
13 0.759375 0.73984375 0.48125 0.5203125