12 0.2961086852013608 0.11435725389663132 0.20171132213985138 0.0983686840799308
12 0.38252238955519735 0.21555477156406183 0.08219743030721922 0.07372974715020834
12 0.47421875 0.21171875 0.0890625 0.0890625
12 0.50546875 0.30390625 0.0265625 0.0671875
12 0.14810029345354678 0.42117356440145787 0.10171132213985139 0.09604115824437506
12 0.02578125 0.2921875 0.0515625 0.096875
12 0.04765625 0.465625 0.0953125 0.046875
12 0.05234375 0.42265625 0.1046875 0.0640625
12 0.34375 0.45078125 0.096875 0.0765625
12 0.3200372916394484 0.374168011780416 0.12696429328391085 0.05915940729444458
12 0.2488815434535468 0.41882785477031187 0.08666667549789579 0.06758884992375017
12 0.11864342802978474 0.27173726206475646 0.1708779843909035 0.06486519984750014
12 0.1511632621505356 0.21781217505878425 0.1583779843909035 0.06457425911805573
12 0.675 0.47265625 0.115625 0.0328125
12 0.684365175667532 0.4058031375397217 0.0920635036281972 0.0880104526972918
12 0.6374231990811768 0.31541518009277736 0.12391370435383635 0.10592530452090294
12 0.6784078084296713 0.21281620374413146 0.161577395460829 0.1114856267092362
12 0.5985069989036916 0.09661128191638846 0.12358632213985139 0.09655030452090285
12 0.55625 0.03046875 0.075 0.0609375
12 0.55546875 0.309375 0.0734375 0.06875
12 0.5921875 0.42890625 0.09375 0.1203125
12 0.6078125 0.01171875 0.090625 0.0234375
12 0.54375 0.24453125 0.05 0.0734375
13 0.20859375 0.74453125 0.4171875 0.5109375
13 0.759375 0.7078125 0.48125 0.4375