12 0.12108666470370251 0.32223672485427873 0.19915783581546265 0.21736173466476122
12 0.09609375 0.20625 0.1921875 0.1875
12 0.08125 0.07109375 0.1625 0.1421875
12 0.2615859426489342 0.2031539530627522 0.21529139227157384 0.15326638367602552
12 0.34375 0.134375 0.171875 0.1625
12 0.296875 0.04921875 0.178125 0.0984375
12 0.2318669227622209 0.40252552237260425 0.20286930471268505 0.17103303788306992
12 0.3014187136669433 0.30805462051134835 0.19072061922731437 0.1919246920901143
12 0.3765625 0.3015625 0.10625 0.20625
12 0.20546875 0.534375 0.2046875 0.16875
12 0.11365345645689669 0.4618837329000504 0.1357214694628702 0.11353761213660044
12 0.04765625 0.35078125 0.0953125 0.2078125
10 0.590058714515415 0.5863481373591963 0.014882706220555519 0.01035834579295596
10 0.71484375 0.309375 0.5703125 0.61875
10 0.734375 0.0640625 0.53125 0.128125
13 0.21484375 0.809375 0.4296875 0.38125
13 0.71484375 0.809375 0.5703125 0.38125