12 0.3063941391981862 0.3310730160144281 0.21148471950581324 0.17023330199645717
12 0.3124334194918802 0.1994583519129348 0.19188261452679142 0.17771204866869184
12 0.2609375 0.0703125 0.1875 0.140625
12 0.178125 0.065625 0.190625 0.13125
12 0.03125 0.1375 0.0625 0.26875
12 0.08828125 0.27109375 0.1765625 0.2546875
12 0.16189785538000717 0.3482679927200719 0.1451744805034755 0.23696098252898032
12 0.07734375 0.44375 0.1546875 0.1125
12 0.1796875 0.47109375 0.19375 0.0578125
12 0.36640625 0.421875 0.1984375 0.15625
12 0.45859375 0.625 0.3640625 0.25
12 0.934375 0.85390625 0.13125 0.2921875
12 0.70078125 0.946875 0.1015625 0.10625
12 0.665625 0.8234375 0.03125 0.16875
12 0.7578125 0.70703125 0.215625 0.3140625
12 0.88359375 0.559375 0.2328125 0.11875
12 0.7234375 0.534375 0.146875 0.06875