12 0.5359375 0.06171875 0.1375 0.1234375
12 0.71640625 0.1546875 0.096875 0.10390625
12 0.85703125 0.2765625 0.0765625 0.134375
12 0.9453125 0.334375 0.0609375 0.13125
12 0.96875 0.4890625 0.05 0.146875
12 0.9171875 0.878125 0.096875 0.096875
12 0.44140625 0.8890625 0.1359375 0.09296875
12 0.3484375 0.95703125 0.08046875 0.0828125
12 0.53046875 0.7625 0.0984375 0.1359375
12 0.46875 0.48359375 0.06640625 0.1171875
12 0.53125 0.478125 0.040625 0.0984375
12 0.60703125 0.540625 0.04453125 0.08359375
12 0.728125 0.61484375 0.075 0.08125