12 0.28125 0.084375 0.225 0.16875
10 0.74453125 0.11953125 0.5109375 0.2390625
13 0.24453125 0.61953125 0.4890625 0.7609375
12 0.83515625 0.71328125 0.3296875 0.2890625
12 0.9484375 0.45 0.103125 0.28125
12 0.86328125 0.45859375 0.2734375 0.2859375
12 0.6413420056851948 0.6284998178368506 0.2830532366340588 0.2392330564382032
12 0.57734375 0.76640625 0.1765625 0.2140625
12 0.59453125 0.91875 0.2109375 0.1625
12 0.80703125 0.9640625 0.2484375 0.071875
12 0.9640625 0.8609375 0.071875 0.278125
12 0.53046875 0.49140625 0.0828125 0.2796875
12 0.7277400501976441 0.38705675642427 0.23608723137238705 0.23411858133331248
12 0.78046875 0.28203125 0.2859375 0.0859375