12 0.5515625 0.38203125 0.10859375 0.22890625
12 0.4453125 0.32890625 0.1171875 0.16953125
12 0.39375 0.21484375 0.08984375 0.09375
12 0.27890625 0.34765625 0.11640625 0.09765625
12 0.40078125 0.54609375 0.13671875 0.14140625
12 0.3375 0.65078125 0.0671875 0.11328125
12 0.3921875 0.76328125 0.10703125 0.11328125
12 0.36953125 0.86796875 0.1546875 0.13984375
12 0.25625 0.84765625 0.146875 0.12265625
12 0.1203125 0.79765625 0.11796875 0.2015625
12 0.134375 0.6171875 0.125 0.075
12 0.19765625 0.43984375 0.07578125 0.23359375
12 0.1296875 0.23203125 0.09453125 0.13984375
12 0.10546875 0.5109375 0.0875 0.16015625
12 0.03046875 0.63671875 0.05546875 0.10234375
12 0.26328125 0.6125 0.1078125 0.1203125