12 0.2921875 0.375 0.246875 0.1875
12 0.03359375 0.26640625 0.0671875 0.2828125
12 0.90703125 0.15625 0.1859375 0.309375
12 0.8765625 0.275 0.246875 0.33125
12 0.7601721319386728 0.23156852955866417 0.25345655832640723 0.2836094365265156
12 0.66953125 0.10625 0.2796875 0.2125
12 0.621875 0.31875 0.184375 0.209375
12 0.571875 0.1703125 0.084375 0.2375
12 0.646875 0.3640625 0.234375 0.209375
12 0.8734375 0.4421875 0.140625 0.053125
11 0.25 0.734375 0.5 0.53125
11 0.3296875 0.734375 0.4 0.53125
11 0.41171875 0.6984375 0.2359375 0.459375