12 0.10625 0.2921875 0.2125 0.340625
11 0.684375 0.24453125 0.63125 0.4890625
12 0.09765625 0.53515625 0.1390625 0.0921875
12 0.0328125 0.5515625 0.065625 0.125
12 0.0484375 0.73046875 0.096875 0.1484375
12 0.1355082207757116 0.5840470141934275 0.09398755357072233 0.10903264342931003
12 0.22265625 0.5203125 0.1453125 0.0625
12 0.08385994601894513 0.6272451041066799 0.09056254464226861 0.09164488433001132
11 0.54609375 0.55390625 0.2828125 0.1296875
11 0.8875 0.5203125 0.2125 0.0625
11 0.6418127678536122 0.6333808898855656 0.1545353157455871 0.180025066315984
11 0.47358096509366865 0.6738823812476923 0.19934898376465035 0.24376619370616517