12 0.7265625 0.66484375 0.128125 0.1984375
12 0.59609375 0.671875 0.17734375 0.15078125
12 0.45234375 0.72578125 0.1796875 0.1625
12 0.35859375 0.6203125 0.1171875 0.115625
12 0.24140625 0.6265625 0.13515625 0.11640625
12 0.18125 0.51953125 0.08515625 0.08984375
12 0.50625 0.46796875 0.1171875 0.12421875
12 0.340625 0.4375 0.134375 0.0890625
12 0.8390625 0.60859375 0.13828125 0.15625
12 0.81875 0.48203125 0.11875 0.1140625
12 0.71015625 0.503125 0.0953125 0.13828125
12 0.64375 0.37421875 0.134375 0.0953125