12 0.396875 0.33359375 0.225 0.2109375
12 0.16640625 0.1625 0.3328125 0.325
12 0.33125 0.0921875 0.321875 0.184375
12 0.4171875 0.03671875 0.184375 0.0734375
12 0.0453125 0.1203125 0.090625 0.240625
12 0.075 0.30859375 0.15 0.2609375
12 0.15546875 0.4140625 0.1953125 0.05
12 0.2765625 0.35625 0.178125 0.165625
10 0.7546875 0.21953125 0.490625 0.4390625
12 0.06171875 0.6921875 0.1234375 0.296875
12 0.4125510963740332 0.8052948608394894 0.16543860174504027 0.2116975005656478
12 0.2708331259592301 0.6962145123473601 0.1849534262506726 0.22427541300675885
12 0.4375 0.521875 0.14375 0.165625
12 0.2875 0.521875 0.25 0.165625
12 0.15355778067047748 0.5523292283698603 0.1800038462971587 0.17570121196999972
12 0.4625 0.71484375 0.09375 0.1484375
12 0.38169421630430395 0.7294944869940265 0.1312821230323639 0.21181507775694436
12 0.29261030094939483 0.8568977341193044 0.13228761213660042 0.13736188190398124
12 0.22331399773108612 0.8586953885018971 0.08180701089576328 0.08169835080120365
12 0.21149669476487895 0.791635027615925 0.08358803218308672 0.08496005183796278
12 0.7078125 0.89453125 0.396875 0.2109375
12 0.56484375 0.74921875 0.1109375 0.3515625
12 0.7328125 0.57109375 0.446875 0.2640625
12 0.76796875 0.73046875 0.4640625 0.3359375