12 0.27265625 0.275 0.1078125 0.19609375
12 0.4125 0.27890625 0.11171875 0.23125
12 0.5828125 0.27578125 0.1203125 0.2734375
12 0.76171875 0.2703125 0.10703125 0.209375
12 0.75390625 0.49609375 0.13125 0.22109375
12 0.6109375 0.528125 0.12734375 0.203125
12 0.41640625 0.51015625 0.115625 0.1859375
12 0.2640625 0.51328125 0.1421875 0.18984375
12 0.2578125 0.759375 0.1078125 0.1734375
12 0.41484375 0.73125 0.11328125 0.19453125
12 0.57578125 0.7625 0.1296875 0.22578125
12 0.771875 0.78671875 0.140625 0.32578125