12 0.4234375 0.4171875 0.109375 0.2125
12 0.51875 0.4515625 0.0578125 0.20859375
12 0.5234375 0.15546875 0.0828125 0.19453125
12 0.625 0.35234375 0.1171875 0.14140625
12 0.72890625 0.30390625 0.09921875 0.153125
12 0.8265625 0.1828125 0.1625 0.11796875
12 0.825 0.27734375 0.07109375 0.11640625
12 0.8109375 0.4328125 0.0640625 0.16953125
12 0.73125 0.534375 0.15546875 0.11171875
12 0.77734375 0.69375 0.09375 0.18515625
12 0.4265625 0.8421875 0.18671875 0.06796875
12 0.3390625 0.7390625 0.12578125 0.15078125
12 0.38203125 0.5828125 0.125 0.1390625
12 0.2859375 0.18671875 0.140625 0.09609375
12 0.103125 0.18515625 0.0921875 0.19375