12 0.925 0.15 0.1171875 0.20078125
12 0.46015625 0.07734375 0.2046875 0.12109375
12 0.36171875 0.2140625 0.159375 0.065625
12 0.27109375 0.41484375 0.03359375 0.05859375
12 0.80859375 0.53046875 0.09453125 0.21015625
12 0.75 0.45234375 0.0265625 0.12734375
12 0.7265625 0.3484375 0.03046875 0.12421875
12 0.5484375 0.38671875 0.128125 0.090625
12 0.478125 0.51796875 0.12578125 0.1078125
12 0.3703125 0.378125 0.14453125 0.0953125
12 0.3765625 0.5046875 0.1 0.10625
12 0.36484375 0.70234375 0.07734375 0.14140625
12 0.48984375 0.77578125 0.071875 0.115625
12 0.58515625 0.71953125 0.05390625 0.165625
12 0.659375 0.659375 0.07109375 0.17265625
12 0.66015625 0.925 0.0953125 0.12890625