12 0.03671875 0.2703125 0.0734375 0.140625
12 0.45625 0.1765625 0.025 0.096875
12 0.39692112123122403 0.14281074491509624 0.11632611485312835 0.13024630937615383
12 0.3008750397178946 0.19765653609265277 0.12563721303635714 0.16814682757475108
12 0.17475920774552325 0.13427276141565053 0.10695111485312836 0.1296455320782579
12 0.20625 0.03125 0.125 0.0625
12 0.06796875 0.08046875 0.1359375 0.1328125
12 0.37955853592487276 0.05518033698781677 0.07758260818516849 0.09356832973421944
12 0.45390625 0.0828125 0.0296875 0.1
12 0.05390625 0.16015625 0.1078125 0.0984375
12 0.31323203425788276 0.05079202807308829 0.07904951333591939 0.07345608883351806
14 0.78671875 0.2109375 0.4265625 0.421875
14 0.55703125 0.26015625 0.1765625 0.5203125
13 0.234375 0.825 0.46875 0.35
13 0.734375 0.825 0.53125 0.35