12 0.14609375 0.0375 0.1171875 0.07421875
12 0.25390625 0.29609375 0.0859375 0.184375
12 0.3390625 0.325 0.06875 0.11484375
12 0.3421875 0.57109375 0.07890625 0.22578125
12 0.43828125 0.11640625 0.08671875 0.0796875
12 0.4828125 0.20859375 0.046875 0.11484375
12 0.55703125 0.03125 0.1296875 0.0625
12 0.5640625 0.2765625 0.0703125 0.1421875
12 0.71640625 0.39609375 0.12421875 0.1359375
12 0.94296875 0.21875 0.1140625 0.11796875
12 0.94609375 0.35234375 0.10234375 0.1453125
12 0.95 0.5046875 0.0875 0.12890625
12 0.90625 0.61484375 0.0625 0.0984375
12 0.9359375 0.83828125 0.128125 0.1515625
12 0.76875 0.62734375 0.06953125 0.1734375
12 0.7 0.51171875 0.1140625 0.07421875
12 0.67734375 0.68984375 0.14140625 0.06640625
12 0.675 0.59921875 0.12578125 0.07890625
12 0.55546875 0.45234375 0.0859375 0.10390625