12 0.3125 0.34375 0.09375 0.275
12 0.31796875 0.4890625 0.0828125 0.2
12 0.18182125252101544 0.39091363223328796 0.2440663462971587 0.18130595447712922
12 0.2046875 0.51875 0.225 0.140625
12 0.0734375 0.50078125 0.146875 0.1765625
12 0.01640625 0.33203125 0.0328125 0.2265625
12 0.15410080808511264 0.30923369674791756 0.2573418784802454 0.2601144596609254
12 0.08116106277668962 0.13168418666314893 0.15748399011264294 0.2311897943450923
12 0.03515625 0.178125 0.0703125 0.2625
12 0.28824158925979315 0.08055374773740857 0.12244271857321784 0.1520299746466665
13 0.6328125 0.2375 0.546875 0.475
13 0.8875 0.14296875 0.225 0.2859375
13 0.5828125 0.46328125 0.446875 0.2515625
13 0.8609375 0.390625 0.278125 0.396875
12 0.10859375 0.77890625 0.2171875 0.2640625
12 0.2796875 0.72890625 0.159375 0.2328125
12 0.259375 0.8953125 0.2 0.209375
12 0.846875 0.92890625 0.178125 0.1421875
12 0.6796875 0.88203125 0.221875 0.2359375
12 0.85234375 0.7359375 0.1703125 0.29375
12 0.95078125 0.74921875 0.0984375 0.2546875
12 0.9546875 0.9265625 0.090625 0.146875