12 0.2953125 0.30390625 0.14375 0.1296875
12 0.334375 0.04921875 0.10625 0.0984375
12 0.39453125 0.04921875 0.0734375 0.0984375
12 0.4451839520606592 0.1265625 0.07272895020978147 0.09375
12 0.53046875 0.23046875 0.0984375 0.0984375
14 0.74375 0.2078125 0.328125 0.321875
13 0.23125 0.725 0.4625 0.55
13 0.40625 0.71953125 0.346875 0.5609375
12 0.9296875 0.796875 0.140625 0.34375
12 0.7265625 0.59375 0.29375 0.284375
12 0.73046875 0.4046875 0.1984375 0.071875
12 0.85390625 0.46796875 0.2921875 0.1984375
12 0.928125 0.40390625 0.14375 0.0703125
12 0.64296875 0.79609375 0.1265625 0.2609375
12 0.7275792871189493 0.91484375 0.1879055095477696 0.1703125
12 0.8393357711469097 0.790625 0.16659919461070416 0.1984375