12 0.18203125 0.4421875 0.3078125 0.275
12 0.0640625 0.45703125 0.128125 0.2453125
12 0.4578125 0.39453125 0.184375 0.3484375
12 0.45546875 0.51484375 0.1890625 0.1296875
12 0.446875 0.15234375 0.20625 0.3046875
12 0.403125 0.03359375 0.29375 0.0671875
12 0.2917314658823814 0.22148205574082408 0.20099322745980874 0.20700397379347057
12 0.2998970686540311 0.3801796493348508 0.18922097353086736 0.22146204866869185
12 0.06796875 0.25078125 0.1359375 0.3234375
13 0.775 0.28984375 0.45 0.5796875
13 0.30703125 0.78984375 0.4859375 0.4203125
13 0.11875 0.78984375 0.2375 0.4203125
13 0.290625 0.65390625 0.51875 0.1484375
11 0.8890625 0.7078125 0.221875 0.25625
11 0.84453125 0.73125 0.3109375 0.303125
11 0.803125 0.7671875 0.39375 0.375
11 0.76171875 0.78984375 0.4234375 0.4203125
11 0.734375 0.78984375 0.36875 0.4203125
11 0.6890625 0.78984375 0.278125 0.4203125
11 0.66171875 0.78984375 0.2234375 0.4203125
11 0.621875 0.78984375 0.14375 0.4203125