12 0.48359375 0.2859375 0.0515625 0.30625
13 0.7546875 0.2296875 0.490625 0.459375
13 0.27890625 0.646875 0.4609375 0.375
13 0.2546875 0.8546875 0.509375 0.290625
12 0.65546875 0.5359375 0.2296875 0.153125
12 0.6881070031002776 0.6655330913131323 0.2661489087179326 0.17629331330995512
12 0.7193658906480787 0.8311405004037418 0.309757198759889 0.1957796988616142
12 0.75 0.96171875 0.24375 0.0765625
12 0.91875 0.92109375 0.1625 0.1578125
12 0.925 0.7921875 0.15 0.184375
12 0.9015625 0.609375 0.196875 0.165625
12 0.884375 0.50859375 0.23125 0.0984375