12 0.51953125 0.39453125 0.2984375 0.0890625
12 0.35703125 0.1140625 0.2171875 0.228125
12 0.590625 0.17265625 0.15625 0.1484375
14 0.73515625 0.1640625 0.1328125 0.275
14 0.90234375 0.13046875 0.1953125 0.2515625
12 0.3640625 0.8390625 0.559375 0.321875
12 0.04140625 0.71953125 0.0828125 0.5609375
12 0.965625 0.83046875 0.06875 0.1953125
12 0.925 0.95625 0.15 0.0875
12 0.80078125 0.98515625 0.1984375 0.0296875
12 0.7921875 0.9203125 0.128125 0.159375
12 0.8914640780553611 0.7562102603429424 0.19415108402290793 0.1765810405319101