12 0.1484375 0.075 0.296875 0.15
12 0.24311044074393942 0.12769860716277837 0.22980805113509045 0.20575915033009212
12 0.46015625 0.1265625 0.2390625 0.25
12 0.3328125 0.05234375 0.18125 0.1046875
12 0.4359375 0.02890625 0.171875 0.0578125
12 0.55078125 0.4515625 0.0578125 0.184375
12 0.42335091436232003 0.367788490527362 0.19554214529089187 0.20900172752138851
12 0.50859375 0.28828125 0.1421875 0.2578125
12 0.30184588148787883 0.5341249729497228 0.20946827759614006 0.20241953685222178
12 0.16861459577406385 0.47692621055588 0.2177444277582959 0.22966554203601816
12 0.1406008697200513 0.30645717714402815 0.2233944099013884 0.19583734618305507
12 0.0578125 0.19453125 0.115625 0.1421875
11 0.90859375 0.253125 0.1828125 0.50625
11 0.8484375 0.24609375 0.303125 0.4921875
11 0.841588445611908 0.42960285975467655 0.3150320795420093 0.5299184032048142
11 0.6984375 0.32734375 0.2375 0.6546875
10 0.28984375 0.85 0.5796875 0.3
13 0.78984375 0.85 0.4203125 0.3