12 0.41433636600621593 0.19148934438234505 0.20452064185166688 0.24593149710021497
12 0.2889339516143578 0.24303037882522394 0.23148124813797324 0.22306268216314945
12 0.13484576509659316 0.25859894708628184 0.23831344499481996 0.23603627884380146
12 0.08100367349259532 0.395022621776254 0.1586216368892682 0.1630472195058134
12 0.028125 0.44140625 0.05625 0.1703125
12 0.27109375 0.459375 0.1640625 0.159375
12 0.12421875 0.51640625 0.1640625 0.0453125
12 0.4953125 0.19140625 0.109375 0.2109375
12 0.515625 0.31328125 0.06875 0.1609375
12 0.45237140529563025 0.34430576844761734 0.14819355913900906 0.1731559253146721
12 0.43203125 0.47578125 0.1671875 0.1265625
12 0.60390625 0.2328125 0.1078125 0.2625
12 0.6046875 0.39296875 0.109375 0.1578125
14 0.8390625 0.7203125 0.321875 0.3625
14 0.76875 0.88984375 0.359375 0.2203125