12 0.6796875 0.67890625 0.18828125 0.090625
12 0.8625 0.73515625 0.128125 0.13046875
12 0.84296875 0.6265625 0.1453125 0.11328125
12 0.69140625 0.52421875 0.18046875 0.15078125
12 0.56640625 0.64765625 0.17421875 0.0984375
12 0.46484375 0.6171875 0.11796875 0.1265625
12 0.49609375 0.80546875 0.07421875 0.1953125
12 0.59609375 0.86015625 0.08125 0.13671875
12 0.68515625 0.79765625 0.0703125 0.0765625
12 0.76796875 0.9 0.16484375 0.09765625
12 0.18125 0.8859375 0.1453125 0.1578125
12 0.22109375 0.721875 0.09765625 0.13515625
12 0.2453125 0.6171875 0.12734375 0.08046875
12 0.33984375 0.5375 0.15546875 0.11953125
12 0.34453125 0.40078125 0.10390625 0.16015625
12 0.8078125 0.4203125 0.1921875 0.1046875
12 0.9546875 0.346875 0.08984375 0.20859375