12 0.12249584609060804 0.4303122731203423 0.2209428306985579 0.25895788524403185
12 0.28112292990913523 0.3303991524124458 0.18533908402632324 0.27905221662612084
12 0.23828125 0.13984375 0.2484375 0.2796875
12 0.05859375 0.31484375 0.1171875 0.1546875
13 0.725 0.35 0.55 0.7
14 0.225 0.85 0.45 0.3
12 0.95625 0.74140625 0.0875 0.0828125
12 0.96328125 0.8234375 0.0734375 0.125
12 0.975 0.92265625 0.05 0.0921875
12 0.8720768371473021 0.8818878877781146 0.18516857279524207 0.09321471057599666
12 0.79375 0.7859375 0.153125 0.171875
12 0.6278076191771682 0.8022993399662962 0.2101067512477858 0.12615447560311138