12 0.2703125 0.73203125 0.1671875 0.20546875
12 0.4734375 0.73203125 0.1484375 0.1171875
12 0.73984375 0.6375 0.12890625 0.2359375
12 0.61796875 0.55703125 0.0921875 0.17109375
12 0.22109375 0.403125 0.16015625 0.284375
12 0.3765625 0.228125 0.16953125 0.1375
12 0.50703125 0.23046875 0.07265625 0.190625
12 0.65546875 0.2171875 0.19375 0.1265625
12 0.63671875 0.33984375 0.1609375 0.11953125
12 0.53359375 0.5625 0.10390625 0.1671875
12 0.51640625 0.4046875 0.10078125 0.10859375
12 0.41796875 0.33515625 0.09375 0.0953125
12 0.41328125 0.5875 0.115625 0.2171875
12 0.6859375 0.4296875 0.13515625 0.084375