12 0.27578125 0.24609375 0.1609375 0.1859375
12 0.1550029366247747 0.22086186270242175 0.09898403469127146 0.18689232622365468
12 0.10390625 0.06328125 0.1015625 0.1265625
12 0.2637977759786828 0.0755332231269434 0.0891545013526354 0.14728379465362354
12 0.190625 0.0359375 0.1 0.071875
12 0.07265625 0.31171875 0.1453125 0.0546875
12 0.3620881832829569 0.5654925522637827 0.19992946403563466 0.27396666297065303
12 0.19488140726450318 0.6917834945265666 0.16998742536599848 0.25036256299888776
12 0.19375 0.8953125 0.1625 0.209375
12 0.37421875 0.95859375 0.2703125 0.0828125
12 0.40234375 0.78203125 0.2140625 0.2203125
12 0.3796875 0.39453125 0.259375 0.1109375
12 0.9392672065961396 0.8681911599868812 0.09860222668681722 0.1540798262236546
12 0.76875 0.94921875 0.14375 0.1015625
12 0.66484375 0.8984375 0.1171875 0.203125
12 0.54765625 0.9296875 0.0765625 0.140625
12 0.7899051952975926 0.6030681469738759 0.13206925469445316 0.21224093671876343