12 0.053125 0.296875 0.10625 0.20625
12 0.040625 0.41484375 0.08125 0.1703125
12 0.15134008078669306 0.40818904873486056 0.2128491972858944 0.14142607336090798
12 0.25390625 0.446875 0.2078125 0.10625
12 0.11817729156624077 0.21154985872849713 0.20009782500983525 0.1600124413589988
12 0.1892931848775218 0.30151233473899663 0.18756497402109956 0.18172380935708982
12 0.29609375 0.29921875 0.1671875 0.1953125
12 0.0953125 0.08046875 0.190625 0.1578125
12 0.0328125 0.15859375 0.065625 0.1046875
12 0.58411437595923 0.24682374005408841 0.2855654314464527 0.1766192333704529
12 0.653125 0.4015625 0.315625 0.196875
12 0.85 0.24375 0.3 0.171875
12 0.84140625 0.09609375 0.2640625 0.1921875
12 0.596875 0.0921875 0.284375 0.184375
12 0.0546875 0.53984375 0.109375 0.0796875
12 0.3265625 0.58671875 0.10625 0.1265625
12 0.30546875 0.5421875 0.1484375 0.084375
12 0.12734375 0.52734375 0.1171875 0.0546875
12 0.2234375 0.5515625 0.128125 0.103125
12 0.24312338920078175 0.6666913447246792 0.24330152179152656 0.1527090186982713
12 0.15773791023600375 0.7360675060470887 0.23701867080279088 0.17449311203054413
12 0.0640625 0.728125 0.128125 0.153125
12 0.0375 0.62890625 0.075 0.1578125
12 0.0828125 0.86171875 0.165625 0.1546875
12 0.21060119426067586 0.8969691907224521 0.17259553788306992 0.1909169960216353
12 0.04609375 0.953125 0.0921875 0.09375
11 0.85703125 0.68515625 0.2671875 0.3703125