12 0.5828125 0.675 0.175 0.13984375
12 0.45234375 0.7015625 0.1078125 0.25
12 0.30078125 0.659375 0.11953125 0.21015625
12 0.51640625 0.50234375 0.0953125 0.184375
12 0.48515625 0.38203125 0.10625 0.17578125
12 0.3578125 0.40546875 0.1109375 0.1421875
12 0.69375 0.59765625 0.11796875 0.1640625
12 0.628125 0.5 0.1484375 0.140625
12 0.6640625 0.378125 0.15859375 0.15546875
12 0.809375 0.6671875 0.11640625 0.16484375
12 0.7109375 0.7296875 0.0796875 0.11015625
12 0.5703125 0.79765625 0.16640625 0.13359375