12 0.35234375 0.58671875 0.26171875 0.2171875
12 0.6703125 0.5375 0.19296875 0.23671875
12 0.50234375 0.31328125 0.13203125 0.2546875
12 0.284375 0.37421875 0.21015625 0.18203125
12 0.1234375 0.63984375 0.21953125 0.2609375
12 0.2640625 0.84921875 0.15234375 0.23828125
12 0.4984375 0.83515625 0.1703125 0.25859375
12 0.69453125 0.88125 0.159375 0.2375
12 0.83984375 0.809375 0.13046875 0.2796875
12 0.3390625 0.2015625 0.14453125 0.16015625
12 0.6796875 0.1171875 0.10390625 0.1578125
12 0.9171875 0.14921875 0.16484375 0.19765625
12 0.81875 0.43828125 0.134375 0.228125