12 0.68125 0.8296875 0.24296875 0.184375
12 0.65234375 0.66953125 0.196875 0.1140625
12 0.4421875 0.5484375 0.25 0.13203125
12 0.50625 0.7625 0.0890625 0.23046875
12 0.40546875 0.734375 0.1015625 0.18125
12 0.21328125 0.68984375 0.11796875 0.22578125
12 0.1265625 0.50078125 0.11875 0.1140625
12 0.29921875 0.32734375 0.1078125 0.1765625
12 0.20078125 0.40859375 0.07421875 0.13828125
12 0.46875 0.18984375 0.15546875 0.1125
12 0.60078125 0.36328125 0.14453125 0.1453125
12 0.4609375 0.3734375 0.134375 0.203125
12 0.77890625 0.275 0.16875 0.125
12 0.86953125 0.39296875 0.16328125 0.15625
12 0.81953125 0.56015625 0.1953125 0.103125
12 0.8484375 0.7046875 0.096875 0.09921875