12 0.43671875 0.05625 0.1265625 0.1125
12 0.4125 0.021875 0.16875 0.04375
12 0.31796875 0.0265625 0.1203125 0.053125
12 0.34535707378431385 0.11567550270336735 0.2379414880191005 0.16860898044900097
12 0.26396817532825995 0.17940303785320272 0.23094744355406327 0.19131715224601428
12 0.15548355273292164 0.16614037583168884 0.15211311542376213 0.1637113702161482
12 0.09375 0.0734375 0.15625 0.146875
12 0.06796875 0.25625 0.1359375 0.203125
12 0.1930604198859643 0.3021099981278166 0.16461311542376214 0.16487829534092668
12 0.3248089276905126 0.3449773275785889 0.1643601442797027 0.20223242970032942
12 0.11248748776464641 0.40980633173854775 0.19375497840045358 0.15202474251227577
12 0.02421875 0.3234375 0.0484375 0.171875
12 0.7022296110777748 0.36301658735408837 0.20883931977759856 0.27179580199645714
13 0.75 0.775 0.5 0.45