13 0.759375 0.134375 0.48125 0.26875
12 0.47890625 0.7671875 0.0796875 0.20625
12 0.45234375 0.6875 0.1328125 0.153125
12 0.4890625 0.5546875 0.059375 0.178125
12 0.4921875 0.43984375 0.053125 0.1671875
12 0.49921875 0.340625 0.0390625 0.121875
12 0.4090773557202973 0.4026121923661103 0.18405259618646852 0.1407206192273144
12 0.34262148730131026 0.5104254008957401 0.17061014427970278 0.20185360885972195
12 0.17709569102217454 0.5155346915176385 0.21176093393541642 0.1758570368522218
12 0.1640625 0.8953125 0.14375 0.209375
12 0.290625 0.92578125 0.19375 0.1484375
12 0.4221601320443491 0.8582661615461564 0.1824553798517325 0.184197217153796
12 0.94921875 0.371875 0.1015625 0.1375
12 0.8900421574417287 0.3198871667299528 0.14804068511654264 0.09083819641861082
12 0.7383878882044349 0.3316955166826846 0.15828870435383652 0.11665840263916642
12 0.57265625 0.9359375 0.1078125 0.128125
12 0.6401040893934106 0.8348116632895829 0.1690823606144388 0.15810360885972194
12 0.9231546915703287 0.8078553499062491 0.13652283175849825 0.11786958812453677
12 0.9057241441100666 0.7459903369467582 0.10892362141421189 0.08585817049962934
12 0.8205877414776616 0.6930909294066195 0.09787699400955026 0.08177626324231468
12 0.7078273358500314 0.6009438026864345 0.10823414065150558 0.1107214694628702