14 0.9109375 0.209375 0.178125 0.41875
14 0.725 0.3125 0.55 0.2125
11 0.1390625 0.546875 0.278125 0.25625
11 0.13515625 0.70234375 0.2703125 0.3015625
12 0.83125 0.93984375 0.215625 0.1203125
12 0.66484375 0.95625 0.1890625 0.0875
12 0.7414273795043959 0.8363794241770558 0.2401633794672149 0.2200953731437835
12 0.90390625 0.884375 0.1921875 0.171875
12 0.9484375 0.8078125 0.103125 0.16875
12 0.97421875 0.67890625 0.0515625 0.1796875
12 0.9421875 0.56015625 0.115625 0.1890625
12 0.5876829555881192 0.8011181141667929 0.22626270555093822 0.1856476502711466
12 0.484375 0.80625 0.06875 0.228125