12 0.34921875 0.39375 0.0203125 0.19375
12 0.3328125 0.175 0.053125 0.1375
12 0.325 0.28671875 0.06875 0.1453125
12 0.32734375 0.425 0.0640625 0.171875
13 0.6796875 0.259375 0.640625 0.51875
10 0.1796875 0.759375 0.359375 0.48125
11 0.575 0.63359375 0.190625 0.2296875
11 0.7378112720400891 0.6843816131967533 0.1508374360279987 0.2157623072166855
11 0.650648721395588 0.841955478866742 0.2556158426957259 0.23028348704319015
11 0.64140625 0.9453125 0.3453125 0.109375
11 0.43203125 0.7765625 0.1453125 0.284375