12 0.56875 0.8578125 0.13203125 0.1796875
12 0.76171875 0.853125 0.103125 0.128125
12 0.8609375 0.665625 0.0921875 0.18984375
12 0.94296875 0.57265625 0.1140625 0.2171875
12 0.91015625 0.44609375 0.1453125 0.10625
12 0.784375 0.3734375 0.11015625 0.13125
12 0.84140625 0.2515625 0.06640625 0.153125
12 0.7375 0.17109375 0.13671875 0.06953125
12 0.71953125 0.27421875 0.0578125 0.084375
12 0.6453125 0.2765625 0.13515625 0.14140625
12 0.578125 0.475 0.0875 0.15703125
12 0.63515625 0.54453125 0.10859375 0.13984375
12 0.75703125 0.690625 0.14375 0.103125
12 0.61171875 0.7375 0.1265625 0.07890625
12 0.59453125 0.63046875 0.128125 0.0875
12 0.46953125 0.5671875 0.096875 0.215625
12 0.38125 0.6265625 0.12578125 0.2
12 0.35859375 0.7328125 0.125 0.1203125
12 0.4375 0.81875 0.12734375 0.12421875
12 0.2359375 0.8078125 0.159375 0.134375
12 0.240625 0.66015625 0.1203125 0.13359375
12 0.24296875 0.5234375 0.16171875 0.12109375
12 0.11015625 0.70625 0.0953125 0.1703125
12 0.13828125 0.8984375 0.1140625 0.203125
12 0.4421875 0.246875 0.096875 0.1203125
12 0.40078125 0.15390625 0.115625 0.0671875
12 0.1484375 0.20546875 0.084375 0.14609375
12 0.07265625 0.146875 0.1109375 0.159375
12 0.8578125 0.07421875 0.11015625 0.1484375
12 0.95234375 0.08515625 0.0734375 0.134375