12 0.48515625 0.421875 0.2078125 0.2125
12 0.44987050354374436 0.22414295476604087 0.15778912091177605 0.17202154535327185
12 0.28125 0.03671875 0.271875 0.0734375
12 0.24023708281653847 0.12021688140513306 0.19571062307124443 0.13030676002545327
12 0.20625 0.53359375 0.328125 0.2109375
12 0.0421875 0.42578125 0.084375 0.1984375
12 0.03125 0.2984375 0.0625 0.115625
12 0.05390625 0.1484375 0.1078125 0.184375
12 0.2696625693983032 0.20174869207508744 0.1947489003691402 0.1396635786919079
12 0.12301690931155536 0.2523470340547247 0.137497604872647 0.12338405068427179
12 0.08486367211148185 0.36353852538190684 0.12127182757475108 0.11382723734881743
12 0.3283843321982296 0.31406742608208715 0.24781334361388013 0.16370106269890758
12 0.09877147362495471 0.08109874271958847 0.12211243676633483 0.15130905601527206
10 0.86328125 0.22734375 0.2734375 0.4546875
10 0.84140625 0.59765625 0.3171875 0.0828125
14 0.18359375 0.76953125 0.3671875 0.2609375
14 0.334375 0.896875 0.509375 0.20625
11 0.79453125 0.853125 0.4109375 0.29375