12 0.0984375 0.08515625 0.196875 0.1703125
12 0.1871442316977964 0.2124146833504379 0.1914209958400411 0.2103749394987579
12 0.259375 0.41171875 0.240625 0.2953125
10 0.7546875 0.15546875 0.409375 0.3109375
10 0.9296875 0.43125 0.140625 0.25625
10 0.6390625 0.5171875 0.178125 0.084375
13 0.275 0.7796875 0.55 0.440625
12 0.68203125 0.6359375 0.2640625 0.153125
12 0.60546875 0.7890625 0.1109375 0.275
12 0.8015625 0.9484375 0.396875 0.103125
12 0.7816445709240682 0.7899458274732643 0.316005621463934 0.2735658067888089
12 0.93671875 0.76796875 0.1265625 0.1546875