12 0.1984375 0.05625 0.253125 0.1125
12 0.1510436058359236 0.186042705897008 0.22281778154634893 0.21049261875230768
12 0.4921875 0.2875 0.165625 0.325
12 0.596875 0.30625 0.221875 0.2875
12 0.6624469318189199 0.21958730259320705 0.2343152035271876 0.2813057665005543
12 0.63359375 0.09140625 0.2703125 0.1828125
12 0.857995127205507 0.1580025532115159 0.24847952283992142 0.19500732109634616
12 0.83359375 0.05234375 0.2328125 0.1046875
12 0.940625 0.06328125 0.11875 0.1265625
12 0.87421875 0.2359375 0.2515625 0.271875
12 0.93359375 0.36875 0.1328125 0.1625
12 0.97734375 0.334375 0.0453125 0.23125
12 0.74609375 0.4234375 0.1296875 0.053125
13 0.7046875 0.725 0.590625 0.55