12 0.23585458147342492 0.8721161790683384 0.14907962354773438 0.19040134364130096
12 0.2953125 0.97265625 0.140625 0.0546875
12 0.15 0.96953125 0.14375 0.0609375
12 0.08527453031161239 0.741822256498782 0.1647167215001053 0.17617934697528082
12 0.05625 0.63203125 0.1125 0.1390625
12 0.0234375 0.65078125 0.046875 0.1609375
12 0.25175225143780844 0.7197086561895212 0.13520845760961003 0.14432356909549374
12 0.38515625 0.96328125 0.1296875 0.0734375
12 0.4875 0.92109375 0.025 0.1234375
12 0.10785102703317184 0.5377246878623301 0.12397297515245516 0.12480829454968649
12 0.07421875 0.48046875 0.1453125 0.0609375
12 0.1944207858045944 0.5399571254347961 0.1198935380191358 0.14617311151914833
13 0.75 0.725 0.5 0.55