12 0.2148637242596564 0.33712908712484263 0.2671025642579064 0.3314562349192268
12 0.734375 0.2796875 0.46875 0.559375
11 0.28046875 0.7859375 0.4390625 0.428125
11 0.25859375 0.79140625 0.4828125 0.4171875
11 0.25 0.83671875 0.5 0.3265625
11 0.25 0.903125 0.5 0.19375
11 0.25 0.92734375 0.5 0.1453125
11 0.703125 0.68046875 0.40625 0.2421875
11 0.73984375 0.62109375 0.3296875 0.1234375
11 0.6375 0.6953125 0.275 0.271875
11 0.866362557263462 0.8502713819602746 0.23276737353571592 0.2142734529347771
11 0.8109375 0.92109375 0.228125 0.1578125