12 0.44296875 0.2296875 0.1328125 0.340625
12 0.3375 0.11015625 0.25625 0.2203125
12 0.1421875 0.08984375 0.259375 0.1796875
12 0.05625 0.4046875 0.1125 0.51875
12 0.25452048790267073 0.3484350770339928 0.26104147783744713 0.27893356496827515
12 0.21793345545181086 0.5686558077966991 0.14361496042459249 0.24052085099579196
12 0.3799177990748042 0.6588418420949352 0.2289925384437538 0.1733184820286507
11 0.64375 0.21015625 0.26875 0.4203125
11 0.93046875 0.259375 0.1390625 0.321875
14 0.41796875 0.8796875 0.1828125 0.240625
11 0.78046875 0.90546875 0.4296875 0.1890625
11 0.59921875 0.846875 0.1796875 0.16875