13 0.68984375 0.34609375 0.6203125 0.2078125
9 0.675 0.225 0.65 0.45
13 0.175 0.725 0.35 0.55
12 0.6483429760900413 0.8350484452690822 0.3078692333704529 0.29474332551403826
12 0.84921875 0.88125 0.2765625 0.2375
12 0.9515625 0.7625 0.096875 0.25
12 0.9328125 0.58671875 0.134375 0.2734375
12 0.7948532547342241 0.6590436841212173 0.2816158160407255 0.3194483945717888
12 0.60390625 0.58125 0.2890625 0.2625
12 0.78828125 0.49140625 0.2609375 0.0828125
12 0.39921875 0.5953125 0.0984375 0.259375
12 0.46796875 0.884375 0.2359375 0.23125