12 0.46484375 0.03203125 0.1390625 0.0640625
12 0.6546875 0.09296875 0.140625 0.1859375
12 0.171875 0.04453125 0.178125 0.0890625
12 0.37316409882291773 0.31481450547438855 0.12891729534115867 0.13934102570316256
12 0.2751327125722991 0.33342790121604465 0.10943031094499087 0.12451452174882985
12 0.28456302351729 0.4538677352084335 0.11741322930778511 0.09833402372599628
12 0.418166739596092 0.41487551387734545 0.13007700361804453 0.10196835969555132
12 0.3511164376962127 0.5337581650562091 0.0871525192218769 0.08618685079830275
12 0.4255122501115416 0.4806596813678315 0.12308337516934209 0.11727502471457925
12 0.5442578488229177 0.3217860415576744 0.13443031094499086 0.12553319368794008
12 0.5964212143813213 0.39485346843970054 0.11453389077317447 0.10289418973360735
12 0.5533982326986872 0.4515690420519659 0.08484639077317446 0.10168451680591381
13 0.88984375 0.309375 0.2203125 0.61875
14 0.540625 0.809375 0.478125 0.38125
14 0.17890625 0.86875 0.3578125 0.2625