13 0.29453125 0.23984375 0.5890625 0.4796875
12 0.7914189985043627 0.11820744703074144 0.11064938231915696 0.17851456220555537
12 0.8951773738638149 0.21987867082893614 0.12783688231915705 0.1800182736099071
12 0.63671875 0.06953125 0.0546875 0.1390625
12 0.6999726388471237 0.274905797831945 0.1426866812953424 0.1735727839774997
14 0.2765625 0.6859375 0.30625 0.4125
14 0.49296875 0.6640625 0.2328125 0.36875
11 0.6375 0.72890625 0.05625 0.4984375
11 0.678125 0.73984375 0.1375 0.5203125
11 0.740625 0.73984375 0.184375 0.5203125
11 0.821875 0.73359375 0.18125 0.5078125
11 0.903125 0.6953125 0.175 0.43125
11 0.953125 0.6890625 0.09375 0.41875