13 0.259375 0.234375 0.51875 0.46875
12 0.10102787258431363 0.6673775292569128 0.176268022737413 0.12184253333979882
12 0.02265625 0.559375 0.0453125 0.11875
12 0.2657695104173044 0.5445612668390772 0.15691052768032882 0.14362193849054988
12 0.38206567247058293 0.5322521986616675 0.1270028517868859 0.09757611485312837
12 0.37734375 0.490625 0.1484375 0.04375
12 0.25214204501771553 0.7069656719898283 0.12783052273741297 0.11788861485312836
12 0.0203125 0.9390625 0.040625 0.090625
12 0.46484375 0.596875 0.1078125 0.109375
12 0.44651678612046686 0.6807851645729626 0.13487901878308026 0.09977634364130097
11 0.759375 0.78203125 0.48125 0.3578125