13 0.23125 0.30703125 0.4625 0.3234375
14 0.9015625 0.29609375 0.196875 0.3453125
14 0.68828125 0.234375 0.4390625 0.46875
12 0.30625 0.565625 0.290625 0.19375
12 0.2868765252668747 0.6951723469879934 0.2241310970739585 0.17689424189573072
12 0.38984375 0.87890625 0.1578125 0.2109375
12 0.421875 0.6546875 0.09375 0.25625
12 0.24453125 0.953125 0.1828125 0.09375
12 0.3765625 0.9578125 0.184375 0.084375
12 0.07421875 0.96796875 0.1484375 0.0640625
12 0.04921875 0.88359375 0.0984375 0.2078125
12 0.1015625 0.7421875 0.203125 0.165625
12 0.11002504416857621 0.5964709945265667 0.123185539703264 0.13044490514873228
14 0.60390625 0.63203125 0.2640625 0.3265625
14 0.88828125 0.63515625 0.2234375 0.3328125