13 0.16484375 0.21484375 0.3296875 0.4296875
13 0.66484375 0.21484375 0.6703125 0.4296875
11 0.16484375 0.79921875 0.3296875 0.2359375
11 0.16484375 0.66015625 0.3296875 0.1921875
12 0.5943745327641644 0.7312232390531334 0.38439641535490915 0.15621626280124373
12 0.836572376463433 0.5656947625188951 0.21017194753799587 0.2238756577089811
12 0.68828125 0.515625 0.2203125 0.171875
12 0.4421875 0.53671875 0.225 0.1578125
12 0.365625 0.6109375 0.071875 0.125
12 0.42421875 0.9625 0.1890625 0.075
12 0.73046875 0.94453125 0.2953125 0.1109375
12 0.9296875 0.89765625 0.140625 0.2046875
12 0.965625 0.73984375 0.06875 0.1515625
12 0.953125 0.54453125 0.09375 0.1984375