13 0.234375 0.2796875 0.46875 0.559375
11 0.49375 0.17578125 0.05 0.2703125
11 0.5046875 0.19296875 0.071875 0.2421875
11 0.503125 0.29296875 0.06875 0.1765625
11 0.51796875 0.37109375 0.0984375 0.1953125
11 0.5896046746806325 0.3075259412707664 0.17398283992876706 0.31138276385373886
11 0.6544302777520761 0.2869994255550007 0.16087477706208625 0.28899834160399784
11 0.6644205061829718 0.37615397084027097 0.16852013890495243 0.3033519400324213
11 0.7293478252615386 0.386241754338717 0.16899735747161201 0.29248721463952715
11 0.5171875 0.028125 0.096875 0.05625
11 0.5640625 0.0640625 0.190625 0.128125
11 0.60078125 0.0640625 0.1421875 0.128125
11 0.66796875 0.08046875 0.1234375 0.1609375
11 0.5861915569997894 0.13626737137839026 0.08661591740484713 0.1362329065339753
11 0.74453125 0.08984375 0.1703125 0.1796875
11 0.79921875 0.1078125 0.1765625 0.215625
11 0.8183899451569232 0.16120967514071594 0.10144152047629085 0.1602526033908222
11 0.90234375 0.12890625 0.1609375 0.2578125
11 0.934375 0.13046875 0.115625 0.2609375
11 0.9221241246116335 0.24688180954878475 0.10036833699532152 0.133762877997928
11 0.909213444783014 0.32162709842391424 0.0922457565857954 0.13027400496239866
11 0.9082480262853533 0.38672555954878474 0.1020737792477135 0.150950377997928
13 0.234375 0.7796875 0.46875 0.440625
11 0.734375 0.7796875 0.53125 0.440625