13 0.309375 0.2046875 0.61875 0.409375
11 0.809375 0.17265625 0.38125 0.3453125
11 0.7890625 0.221875 0.340625 0.375
11 0.75625 0.31796875 0.275 0.1828125
11 0.234375 0.86484375 0.46875 0.2703125
11 0.28125 0.81953125 0.5625 0.3609375
11 0.303125 0.771875 0.60625 0.45625
11 0.29140625 0.66328125 0.5828125 0.3984375
11 0.27578125 0.584375 0.5515625 0.35
11 0.29609375 0.53984375 0.5921875 0.2609375
11 0.309375 0.51796875 0.61875 0.2171875
11 0.309375 0.45390625 0.61875 0.0890625
11 0.809375 0.8671875 0.38125 0.265625
11 0.82578125 0.671875 0.3484375 0.4125