13 0.28984375 0.28203125 0.5796875 0.5359375
13 0.434375 0.48359375 0.290625 0.1328125
13 0.23359375 0.09375 0.4671875 0.1875
13 0.10078125 0.28515625 0.2015625 0.5296875
11 0.93046875 0.36015625 0.1390625 0.3796875
12 0.49453125 0.86328125 0.1703125 0.1609375
12 0.36484375 0.60234375 0.1953125 0.1046875
12 0.49381183880950896 0.64375 0.15277379788366652 0.1296875
12 0.53828125 0.58046875 0.0828125 0.0609375
12 0.5484375 0.7015625 0.0625 0.159375
12 0.55 0.8703125 0.059375 0.134375
12 0.5328125 0.76015625 0.09375 0.1265625