13 0.42578125 0.2984375 0.3484375 0.48125
13 0.1484375 0.11953125 0.21875 0.2390625
13 0.0453125 0.28359375 0.090625 0.2796875
12 0.8443282795632501 0.2611582730221464 0.16380901170746504 0.22594539734428026
11 0.55390625 0.69375 0.0921875 0.309375
11 0.4399993278660478 0.7871702854169824 0.126354463502863 0.2335397287263694
11 0.2953125 0.63515625 0.171875 0.1921875
11 0.23036979781181843 0.7422021773003138 0.15278969847574847 0.21181926483072297
11 0.30234375 0.93125 0.1890625 0.1375
11 0.0734375 0.9515625 0.146875 0.096875
11 0.07421875 0.765625 0.1484375 0.23125
12 0.921875 0.98359375 0.071875 0.0328125
12 0.9134146228491957 0.7811617008134395 0.08413060206654457 0.22704428903121965
12 0.6234375 0.665625 0.046875 0.06875
12 0.621875 0.75625 0.04375 0.08125
12 0.7031907160369458 0.9025907523376911 0.08810905405833439 0.10519656010845857