13 0.35 0.26953125 0.61875 0.5390625
12 0.8911839094127691 0.2013209688507395 0.12476473734881743 0.12486188190398124
11 0.62890625 0.82734375 0.0609375 0.2796875
11 0.44193734006999674 0.7633542027337028 0.14671355736790748 0.2672639953818516
11 0.5022390407383603 0.7811171926489342 0.16108514003818009 0.2950568047126848
11 0.5251850973901793 0.6738610587187026 0.0924794960216353 0.16730366013203693
11 0.5611589600572702 0.6801301825641655 0.06213746801399935 0.10845634043361088
11 0.5831879540499523 0.6282060975971747 0.09202496268299924 0.12824116013203693
11 0.4087163074076784 0.7924463804433788 0.1450601507001803 0.2593147943450923
11 0.353129378739633 0.7774372436384251 0.13074311203054395 0.23620948501425892
11 0.31560210673931477 0.771812668756203 0.1530726453691802 0.27718579952888867
11 0.28159982407699646 0.8008364959474994 0.11164766669318063 0.20488157257314796
11 0.25579130207667833 0.7962371788409717 0.09244313335454449 0.1641786601320369
11 0.18982085673931484 0.7608082352970829 0.08917268268618095 0.1514052580585183
11 0.13416120273708768 0.7395490984921294 0.07474655601527203 0.11892494872768503
12 0.77421875 0.746875 0.2296875 0.403125