13 0.2546875 0.159375 0.509375 0.31875
12 0.925 0.2796875 0.15 0.078125
12 0.14620534256993017 0.777663631496195 0.23740437476889084 0.16594249164729752
12 0.15342915769276724 0.6765277174310443 0.22027905925034225 0.11383435462398897
12 0.05625 0.60078125 0.1125 0.1546875
12 0.02109375 0.5140625 0.0421875 0.140625
12 0.0734375 0.4 0.146875 0.109375
12 0.17574311223247846 0.44895578893792354 0.15205790815498563 0.18325398801910048
12 0.31640625 0.375 0.2046875 0.1125
12 0.4484375 0.76953125 0.121875 0.1640625
12 0.31651784256993015 0.7717161879421317 0.17012594655564542 0.1604712524470706
13 0.7546875 0.653125 0.490625 0.66875