13 0.134375 0.21953125 0.26875 0.4390625
14 0.48671875 0.17890625 0.4359375 0.3578125
14 0.82109375 0.28046875 0.3578125 0.3171875
12 0.24140625 0.66796875 0.0546875 0.1046875
12 0.8544619372993305 0.8016462715943389 0.19319022037968595 0.2685402029090739
12 0.7080259945999735 0.6674936466945852 0.21825388737588014 0.2719970896316822
12 0.49241558205240354 0.6706266116270065 0.19450336958138306 0.18608290041956294
12 0.40970655832640723 0.5522066531188552 0.19463070357377182 0.18920790041956276
12 0.55703125 0.47578125 0.2390625 0.0734375
12 0.8796875 0.52578125 0.240625 0.1734375
12 0.8886074911399324 0.6648217004334961 0.1327726907221905 0.12377123195336796
12 0.9421875 0.7875 0.115625 0.128125
12 0.36015625 0.7703125 0.1828125 0.203125
12 0.491192616158523 0.8317533657761913 0.18312020060802237 0.17431660622842174
12 0.66328125 0.90859375 0.1640625 0.1828125
12 0.5546875 0.94296875 0.221875 0.1140625
12 0.3828125 0.92265625 0.184375 0.1546875
12 0.85 0.96796875 0.165625 0.0640625
12 0.7656660341433005 0.8587824201398021 0.14294086958138302 0.18217572780418304