13 0.26484375 0.2546875 0.5296875 0.509375
14 0.76484375 0.2765625 0.4703125 0.465625
14 0.915625 0.31015625 0.16875 0.3984375
13 0.26484375 0.771875 0.5296875 0.45625
12 0.83984375 0.940625 0.1578125 0.11875
12 0.58515625 0.834375 0.1109375 0.178125
12 0.701718792587485 0.79522651941436 0.12675846302712265 0.1388817813494537
12 0.6971817529837717 0.6583623187459964 0.142201452503779 0.13593859468490824
12 0.8186101609751016 0.7614065974299501 0.1601169945971538 0.1486385893539081
12 0.546875 0.68125 0.034375 0.1
12 0.9170337084713225 0.8970179281110404 0.13531441567207594 0.1249283693507266
12 0.8162216373681656 0.8426838694302683 0.1266828683170295 0.11077496268299925
12 0.5835973951194988 0.689093603397497 0.08910727360693613 0.0822317920114541