13 0.26484375 0.2796875 0.5296875 0.559375
11 0.7875 0.3421875 0.203125 0.434375
11 0.68828125 0.34140625 0.1671875 0.4359375
11 0.6214163943979345 0.25205072911243864 0.1423380738526447 0.41566784946188073
11 0.57265625 0.375 0.0859375 0.334375
10 0.3390625 0.89453125 0.38125 0.2109375
10 0.059375 0.7109375 0.11875 0.296875
10 0.20703125 0.696875 0.2828125 0.275
10 0.43359375 0.69140625 0.1921875 0.2640625
10 0.040625 0.903125 0.08125 0.19375
14 0.6421875 0.64765625 0.225 0.1765625
14 0.8078125 0.6734375 0.271875 0.228125
14 0.8984375 0.86328125 0.203125 0.2734375
14 0.565625 0.8359375 0.071875 0.253125