13 0.23984375 0.3046875 0.4796875 0.609375
12 0.7257163581383145 0.494139949960659 0.1649723784786315 0.22498856436617345
12 0.7390625 0.06640625 0.153125 0.1328125
12 0.7199544253619703 0.17670107768459992 0.14552735870696817 0.13014595792955622
12 0.8436492519399852 0.1999914761916611 0.14409219269935686 0.1331616972858944
12 0.8847252380998208 0.2625571781691325 0.1440921926993571 0.1331616972858944
12 0.9578125 0.2640625 0.084375 0.134375
12 0.6247745765408339 0.2565849556606422 0.2161528765014653 0.21921916560701077
12 0.5677075399632565 0.43351879625781775 0.12438187056996633 0.18475704827463008
12 0.51328125 0.3625 0.0671875 0.128125
12 0.51484375 0.55625 0.0703125 0.10625
12 0.565625 0.56640625 0.125 0.0859375
12 0.65546875 0.59296875 0.1234375 0.0328125
12 0.8 0.56953125 0.115625 0.0796875
12 0.921875 0.56015625 0.140625 0.0984375
12 0.94609375 0.403125 0.1078125 0.196875
10 0.18984375 0.80859375 0.3796875 0.3828125
10 0.34140625 0.66875 0.2765625 0.11875
13 0.73984375 0.8046875 0.5203125 0.390625