13 0.225 0.28984375 0.45 0.5796875
13 0.7078125 0.5046875 0.515625 0.15
13 0.63046875 0.3546875 0.3609375 0.3625
13 0.7875 0.16796875 0.425 0.3359375
12 0.115625 0.85 0.23125 0.196875
12 0.14375 0.9546875 0.265625 0.090625
12 0.91640625 0.6375 0.1484375 0.115625
12 0.8817416796027147 0.7321650324641088 0.10112142619541978 0.1281989123370204
12 0.9453125 0.7609375 0.109375 0.15
12 0.95703125 0.84296875 0.0859375 0.1796875
12 0.7920197559675437 0.7822138510523649 0.1127113735787014 0.11279210064862326
12 0.7550973376646315 0.9059144038123085 0.1267430524755441 0.16610801542127546
12 0.72732719538773 0.724777452108025 0.104701452503779 0.13606595941492117