13 0.2046875 0.26484375 0.409375 0.5296875
12 0.8625 0.08046875 0.19375 0.1609375
12 0.94609375 0.06171875 0.1078125 0.1234375
12 0.9296875 0.2421875 0.140625 0.18125
12 0.96171875 0.36171875 0.0765625 0.1296875
12 0.8898909785700896 0.4486172236582039 0.1440823606144388 0.144559041958086
12 0.8765625 0.49453125 0.203125 0.0703125
13 0.2046875 0.76484375 0.409375 0.4703125
12 0.46015625 0.58671875 0.1015625 0.1140625
12 0.59765625 0.5703125 0.1828125 0.08125
12 0.5969097825689557 0.7302762898167867 0.1436656983633867 0.17736245159900638
12 0.520339848085385 0.7752620577707676 0.15907244355406328 0.1712033551898024
12 0.42734375 0.86875 0.0359375 0.15
12 0.48203125 0.95234375 0.1453125 0.0953125
12 0.5306994839275673 0.8705336511549092 0.15603672359113005 0.12900676483072288
12 0.670024878755424 0.8548763140172835 0.17542661905195925 0.23691016842151918
12 0.7328125 0.9125 0.196875 0.175
12 0.8546875 0.96875 0.165625 0.0625
12 0.8980060350160264 0.8941832119507389 0.20131450725639405 0.17301129488495234
12 0.7984375 0.58359375 0.1375 0.1078125