13 0.315625 0.3421875 0.246875 0.434375
11 0.7515625 0.52109375 0.39375 0.0765625
11 0.7276482966851463 0.42872971310259206 0.38883254307885007 0.19064472955262363
11 0.62890625 0.35234375 0.3796875 0.1890625
11 0.647174556824605 0.27644040388826124 0.3248028940675859 0.1625681213621073
11 0.7796875 0.2046875 0.440625 0.2
12 0.23541079224567082 0.8748487755953634 0.2704538836760255 0.22855159358111693
12 0.340625 0.70078125 0.196875 0.2453125
12 0.35 0.590625 0.178125 0.0625
12 0.1734375 0.5828125 0.25625 0.046875
12 0.14375 0.6484375 0.253125 0.178125
12 0.2015625 0.96796875 0.15625 0.0640625
11 0.71953125 0.7796875 0.5609375 0.440625