13 0.31953125 0.259375 0.6390625 0.51875
14 0.78046875 0.390625 0.2828125 0.25625
14 0.87421875 0.43828125 0.2515625 0.1609375
14 0.87734375 0.1515625 0.2453125 0.303125
14 0.740625 0.2609375 0.203125 0.275
14 0.84921875 0.03359375 0.3015625 0.0671875
11 0.08125 0.8765625 0.1625 0.246875
12 0.88515625 0.54453125 0.2296875 0.0515625
12 0.95859375 0.61015625 0.0828125 0.1828125
12 0.8109375 0.6015625 0.2 0.165625
12 0.9 0.64375 0.2 0.196875
12 0.89921875 0.76953125 0.2015625 0.2171875
12 0.70859375 0.59453125 0.1390625 0.1515625