13 0.16953125 0.23984375 0.3390625 0.4796875
12 0.9115670595593258 0.3244631980025331 0.16190180190963127 0.18075300457555085
12 0.95390625 0.26484375 0.0921875 0.1703125
12 0.7868468950879242 0.27024178265325405 0.16048224416202322 0.19764877329435623
12 0.5771799616069548 0.27747708527410897 0.21296288743822966 0.22731647379347047
12 0.625 0.4109375 0.171875 0.1375
12 0.484375 0.44375 0.1875 0.071875
12 0.39765625 0.41796875 0.1171875 0.1234375
12 0.7062896436212014 0.35103196318577723 0.16934373173825074 0.25575300457555095
12 0.8234375 0.41484375 0.140625 0.1296875
12 0.16953125 0.73984375 0.3390625 0.5203125
10 0.66953125 0.73984375 0.6609375 0.5203125