13 0.15 0.234375 0.3 0.46875
14 0.70078125 0.2015625 0.5984375 0.403125
14 0.6890625 0.30546875 0.434375 0.3265625
14 0.6572720774078421 0.46283239373154855 0.008286096680652121 0.0065228185116541935
12 0.28515625 0.81953125 0.0296875 0.1484375
12 0.25390625 0.75625 0.0921875 0.109375
12 0.228125 0.596875 0.14375 0.203125
12 0.09363009420507433 0.6147048846610559 0.1138275468904335 0.10371033175849824
12 0.1296875 0.51875 0.15625 0.1
11 0.8734375 0.571875 0.253125 0.20625
11 0.85390625 0.5125 0.2921875 0.0875
11 0.8731768068624104 0.7597719142347865 0.24472419461070416 0.2064583642426358
11 0.6859375 0.515625 0.178125 0.09375