13 0.16953125 0.325 0.3390625 0.65
13 0.2390625 0.1328125 0.2 0.265625
10 0.6973645009514021 0.309602244397326 0.4610329308735398 0.47279202830409756
10 0.903125 0.125 0.19375 0.25
10 0.77421875 0.56875 0.4515625 0.1625
10 0.9078125 0.49375 0.184375 0.3125
10 0.43515625 0.4390625 0.1921875 0.421875
10 0.50703125 0.5828125 0.3359375 0.134375
12 0.15384401673155193 0.8996622403132634 0.22932403855474384 0.18797669794763933
12 0.0796875 0.71328125 0.159375 0.1265625
12 0.20612805281483776 0.7275138301690273 0.18698002965749527 0.14484364057694457
12 0.19765625 0.66484375 0.1328125 0.0296875
12 0.29609375 0.67109375 0.0859375 0.0421875
12 0.3171875 0.73359375 0.04375 0.1671875
12 0.29375 0.83671875 0.090625 0.1390625
12 0.2875 0.93046875 0.103125 0.1296875
12 0.17421875 0.98046875 0.1171875 0.0390625
12 0.84453125 0.7125 0.3109375 0.125
12 0.4375 0.70234375 0.196875 0.1046875
12 0.35625 0.6875 0.034375 0.075
12 0.34375 0.75234375 0.009375 0.1609375
12 0.6006023171121126 0.8694344521286108 0.16749520060802237 0.16468336189159735
12 0.75546875 0.75546875 0.3234375 0.2109375