13 0.275 0.16484375 0.55 0.3296875
11 0.775 0.16484375 0.45 0.3296875
12 0.3549300131136935 0.8586812050938277 0.11403912091177588 0.17451452174882992
12 0.3828125 0.98046875 0.1125 0.0390625
12 0.2453125 0.9515625 0.109375 0.096875
12 0.23489452267441752 0.6783331774134987 0.13607480721668547 0.1535945266917457
12 0.2253168684477659 0.5588828404553604 0.09208497532299767 0.12375051779449713
12 0.15354199799741516 0.5543916586304185 0.0998369185677376 0.14744268577927463
12 0.09494705043373868 0.49090747878264285 0.10808950956072394 0.17894735376405216
12 0.05625 0.6859375 0.1125 0.121875
12 0.03359375 0.80859375 0.0671875 0.0921875
12 0.03515625 0.9734375 0.0703125 0.053125
12 0.0765625 0.975 0.071875 0.05
12 0.3973048851052036 0.7107994620139099 0.11239747532299767 0.12457818874502422
12 0.47734375 0.98671875 0.1171875 0.0265625
12 0.29136097547988127 0.4816783533069417 0.10504605027685514 0.10713602076024671
12 0.28046875 0.3828125 0.1140625 0.10625
12 0.37403377313584285 0.5116788711014388 0.09268575262089378 0.13312551779449713
12 0.03125 0.55703125 0.0625 0.1046875
11 0.6015625 0.82890625 0.103125 0.0765625
11 0.58984375 0.88671875 0.0796875 0.1015625
11 0.60859375 0.9671875 0.1171875 0.065625