13 0.26484375 0.31953125 0.5296875 0.6390625
11 0.76484375 0.31953125 0.4703125 0.6390625
13 0.26484375 0.81953125 0.5296875 0.3609375
12 0.5734375 0.74375 0.0875 0.171875
12 0.6668248554658348 0.7414014608198098 0.1741387119699997 0.1780325366905288
12 0.6613185663045387 0.8754124397731224 0.1458770109332404 0.17483194198043533
12 0.7890922517899092 0.8897340030543589 0.16406108294074057 0.1339185156438411
12 0.7657415176241219 0.7923808609186318 0.09951056738935157 0.10684080517696729
12 0.8330164919879645 0.751930895190086 0.20077912441111073 0.19823862087727823
12 0.9765625 0.69453125 0.046875 0.1109375
12 0.7216614525438445 0.967501958259561 0.171425232139537 0.05817506299888784