13 0.31953125 0.09453125 0.6390625 0.1890625
13 0.81953125 0.02734375 0.3609375 0.0546875
13 0.81953125 0.09453125 0.3609375 0.1890625
14 0.05546875 0.721875 0.1109375 0.26875
14 0.11328125 0.475 0.2265625 0.225
14 0.065625 0.56640625 0.13125 0.2484375
14 0.0640625 0.33203125 0.128125 0.1984375
14 0.24354195755368932 0.34405798346017397 0.26275614718563745 0.203904211744043
14 0.32578125 0.27890625 0.2515625 0.1796875
14 0.33496986533325773 0.4612219046764577 0.24711573663405878 0.2296661910658786
14 0.3373653651920834 0.6099505031048811 0.23326606826055976 0.17915676881613757
14 0.19651982828979317 0.6799634042621729 0.2371036998023559 0.2182920434232436
14 0.4303557729716516 0.7270416497140589 0.21947658404557516 0.18318929735218498
14 0.5130024020237862 0.6127372471090251 0.225529162970653 0.20684512117350237
14 0.5370783969032887 0.4612089803598021 0.18868161035393455 0.1895463052100677
10 0.81953125 0.59453125 0.3609375 0.8109375