13 0.33984375 0.19453125 0.6796875 0.3890625
11 0.83984375 0.19453125 0.3203125 0.3890625
12 0.65234375 0.83125 0.0546875 0.23125
12 0.5828125 0.87890625 0.19375 0.2015625
12 0.47578125 0.93359375 0.2296875 0.1328125
12 0.35657266495191725 0.905499306055043 0.152711126022532 0.14860222668681722
12 0.24609375 0.93515625 0.1703125 0.1296875
12 0.1569052855641729 0.8648817546944532 0.11264841567683304 0.11377269334818116
12 0.45200850006650695 0.714357232733906 0.15610891066226812 0.15801358935390813
12 0.2848748243605441 0.737420920711316 0.15997805674305984 0.12994313335454458
12 0.63359375 0.6828125 0.0921875 0.1625
12 0.5558956811827462 0.5819270880808145 0.16172241316955063 0.13621131468808995
11 0.90859375 0.64921875 0.1828125 0.5203125
11 0.83984375 0.69453125 0.3203125 0.6109375
11 0.78125 0.740625 0.203125 0.51875