13 0.1296875 0.36953125 0.259375 0.7390625
12 0.36171875 0.17890625 0.2046875 0.3578125
12 0.7711891808735399 0.363922163698276 0.22845124113993248 0.35935358260730743
12 0.29375 0.98671875 0.05625 0.0265625
12 0.346875 0.91171875 0.08125 0.1765625
12 0.328125 0.78671875 0.053125 0.0953125
12 0.29765625 0.78125 0.0609375 0.084375
12 0.28828125 0.81953125 0.0578125 0.1515625
12 0.4284007974891734 0.842424214568841 0.07205536661563361 0.1597219924781527
12 0.49609375 0.93515625 0.0515625 0.1296875
12 0.50546875 0.7765625 0.0734375 0.075
12 0.553125 0.96171875 0.05625 0.0765625
12 0.581682306386422 0.8802016962264411 0.06079953163466154 0.15159124373179367