14 0.14140625 0.3515625 0.2828125 0.475
14 0.25546875 0.690625 0.5109375 0.078125
14 0.45859375 0.1828125 0.2015625 0.346875
14 0.39296875 0.44296875 0.3328125 0.3734375
14 0.1265625 0.10859375 0.253125 0.2171875
11 0.61171875 0.2765625 0.1046875 0.553125
11 0.67265625 0.19375 0.2265625 0.3875
13 0.2796875 0.86484375 0.559375 0.2703125
12 0.69453125 0.78203125 0.2703125 0.1046875
12 0.965625 0.7953125 0.06875 0.13125
12 0.896875 0.87265625 0.20625 0.1640625
12 0.896875 0.95390625 0.2 0.0921875
12 0.734375 0.94140625 0.2125 0.1171875