14 0.06796875 0.175 0.1359375 0.35
14 0.26484375 0.175 0.5296875 0.35
13 0.76484375 0.175 0.4703125 0.35
14 0.33125 0.6578125 0.378125 0.615625
14 0.1703125 0.8046875 0.340625 0.390625
14 0.3890625 0.96875 0.253125 0.0625
14 0.45703125 0.5265625 0.1453125 0.353125
12 0.625 0.3828125 0.190625 0.065625
12 0.58046875 0.83671875 0.1015625 0.1578125
12 0.6292349266303997 0.6409767978275495 0.18174540815498563 0.18737824852966192
12 0.55703125 0.659375 0.0546875 0.240625
12 0.8226295739648327 0.6902342486412036 0.20008623119538135 0.174298394391219
12 0.8836616653476288 0.5557231298034395 0.20251254922121262 0.20406778154634858
12 0.79609375 0.41640625 0.2203125 0.1328125