14 0.2546875 0.23828125 0.509375 0.4234375
13 0.80703125 0.1890625 0.3859375 0.378125
13 0.7390625 0.24375 0.459375 0.4125
11 0.1421875 0.67421875 0.284375 0.4484375
11 0.12421875 0.85703125 0.2484375 0.2859375
11 0.29453125 0.86015625 0.4015625 0.2796875
11 0.3 0.54140625 0.328125 0.1828125
11 0.44453125 0.58984375 0.1296875 0.2796875
10 0.8078125 0.6046875 0.384375 0.309375
10 0.61875 0.67109375 0.21875 0.4421875
10 0.88984375 0.83046875 0.2203125 0.3390625
10 0.70625 0.85234375 0.39375 0.2953125