14 0.1421875 0.3171875 0.284375 0.425
14 0.275 0.075 0.55 0.15
14 0.44140625 0.34140625 0.2171875 0.3765625
12 0.23216582392455445 0.6706860464193438 0.1616908888718056 0.17679993676633482
12 0.10837304484356088 0.7133067381229242 0.1648158888718056 0.17700019586563337
12 0.0328125 0.584375 0.065625 0.109375
12 0.31963796279636014 0.8427298295773358 0.17764367080279087 0.18248873226282783
12 0.3907485022689139 0.7251801866094514 0.15009782500983526 0.16672402991878962
12 0.475 0.590625 0.15 0.121875
12 0.50703125 0.71171875 0.0859375 0.2046875
12 0.4757076463364996 0.8612864697674434 0.13480060694082036 0.17041023442229636
11 0.775 0.76484375 0.45 0.4703125