14 0.28515625 0.18984375 0.5703125 0.3796875
14 0.15859375 0.39765625 0.3171875 0.2046875
13 0.809375 0.25 0.38125 0.5
12 0.3484375 0.9765625 0.215625 0.046875
12 0.11796875 0.9796875 0.1921875 0.040625
12 0.5320452913848845 0.9602065544092557 0.15226387272903602 0.05292336463846716
12 0.32407342365681835 0.930708760911596 0.13533146424430526 0.05534802768032883
12 0.2107921736568183 0.9260929036875026 0.14158146424430518 0.05560269566510634
12 0.08125 0.94453125 0.1625 0.0578125
11 0.790625 0.94296875 0.34375 0.1140625
11 0.74140625 0.8609375 0.2453125 0.11875
11 0.75546875 0.74296875 0.2734375 0.1484375
11 0.8212037730479951 0.6277217292769344 0.2501589809142047 0.1456785504177418
11 0.940625 0.553125 0.11875 0.10625