14 0.2421875 0.21015625 0.484375 0.4203125
12 0.8913099112382467 0.2505126083583831 0.15014384215265544 0.10065098933548189
12 0.93125 0.0546875 0.1375 0.109375
12 0.6804598631835546 0.055130031852379746 0.19660940637700666 0.09556864718563744
12 0.682654206240721 0.17176379500655942 0.21124511646291494 0.10732519454068408
12 0.5578125 0.29765625 0.1375 0.0984375
12 0.6196982620973293 0.3760410423051363 0.13303158525525038 0.13080892619541978
12 0.75546875 0.3953125 0.1640625 0.109375
14 0.1921875 0.7 0.384375 0.253125
14 0.1921875 0.51640625 0.384375 0.1328125
13 0.71171875 0.725 0.4453125 0.55