14 0.20390625 0.39375 0.17421875 0.22734375
14 0.4890625 0.43828125 0.15625 0.17109375
14 0.35 0.33984375 0.12109375 0.28984375
14 0.71328125 0.2125 0.12265625 0.18125
14 0.590625 0.309375 0.140625 0.146875
14 0.6625 0.51328125 0.10703125 0.228125
14 0.77578125 0.55703125 0.1484375 0.19375
14 0.58828125 0.640625 0.15390625 0.18828125
14 0.45078125 0.69765625 0.0921875 0.20390625
14 0.3328125 0.59375 0.1453125 0.18203125
14 0.37734375 0.82734375 0.10546875 0.18046875
14 0.51484375 0.8609375 0.13671875 0.17109375
14 0.66484375 0.82734375 0.1390625 0.13046875