14 0.33984375 0.3765625 0.6796875 0.165625
14 0.24375 0.2296875 0.4875 0.459375
13 0.83984375 0.2296875 0.3203125 0.459375
12 0.40859375 0.8859375 0.3984375 0.228125
12 0.12578125 0.81953125 0.2515625 0.2828125
12 0.2248892938708206 0.7074325310883454 0.2699251549066686 0.2863640935811169
12 0.4806988805964091 0.6799666849766066 0.2798047659425166 0.23760441521922004
12 0.59609375 0.709375 0.1671875 0.209375
12 0.65859375 0.8875 0.0421875 0.225
12 0.06484375 0.96953125 0.1296875 0.0609375
12 0.503125 0.515625 0.246875 0.1125
12 0.25234375 0.56328125 0.2296875 0.2078125
12 0.12421875 0.50859375 0.2484375 0.0984375
12 0.03984375 0.84296875 0.0796875 0.2390625
13 0.83984375 0.81640625 0.3203125 0.3671875
13 0.7921875 0.64609375 0.225 0.3515625