14 0.4234375 0.33125 0.271875 0.115625
14 0.4921875 0.1609375 0.134375 0.321875
14 0.19375 0.23125 0.3875 0.315625
14 0.1234375 0.17265625 0.246875 0.3453125
14 0.3625 0.11640625 0.39375 0.2328125
11 0.2796875 0.69453125 0.559375 0.6109375
12 0.8359375 0.9703125 0.1625 0.059375
12 0.80078125 0.97578125 0.1796875 0.0484375
12 0.6125 0.9765625 0.10625 0.046875
12 0.64609375 0.96796875 0.1515625 0.0640625
12 0.94140625 0.9421875 0.1171875 0.115625
12 0.89765625 0.8125 0.2046875 0.14375
12 0.7116899552786992 0.8259433426539914 0.23401165946843888 0.16427345293477735
12 0.6886017111387953 0.7624110365870372 0.18755816162790725 0.1174876426419039
12 0.9063003508674775 0.7558257351226705 0.13851988433001133 0.10302165624622273
12 0.8017723396087104 0.72801267280345 0.14497014342931003 0.10680355771663308
12 0.6680679680786257 0.7195619171010765 0.17223355027685514 0.12053288896587766