14 0.27265625 0.1109375 0.2578125 0.221875
13 0.77578125 0.2296875 0.4484375 0.459375
11 0.19140625 0.55703125 0.3828125 0.1953125
11 0.2995021172558843 0.8371092342399582 0.23449890999505135 0.20357578948585875
11 0.09687176221293026 0.8626556907567547 0.13097776232447184 0.12646571638103268
12 0.87109375 0.47890625 0.1921875 0.0390625
12 0.734375 0.509375 0.175 0.1
12 0.5669142673013129 0.5721785653973026 0.15374687697836453 0.17535623904295045
12 0.6823921031223902 0.6376617397329403 0.21369508706427282 0.192185266823941
12 0.8497710329051451 0.558101268232835 0.17579229534115867 0.15111934211439398
12 0.52421875 0.74375 0.1109375 0.190625
12 0.49765625 0.540625 0.0578125 0.1625