14 0.4171875 0.509375 0.140625 0.42265625
14 0.79140625 0.49375 0.23671875 0.19921875
14 0.71171875 0.1625 0.2140625 0.290625
14 0.596875 0.35546875 0.1890625 0.22421875
14 0.39453125 0.15078125 0.10546875 0.2796875
14 0.26171875 0.63203125 0.171875 0.41328125
14 0.25390625 0.32421875 0.26015625 0.16953125
14 0.08984375 0.5125 0.17734375 0.16953125
14 0.70390625 0.71015625 0.13828125 0.18671875
14 0.5734375 0.7296875 0.13984375 0.14609375
14 0.40390625 0.83984375 0.17890625 0.24375
14 0.915625 0.8109375 0.16875 0.26171875