16 0.2546875 0.175 0.509375 0.35
14 0.80625 0.0578125 0.3875 0.115625
14 0.83515625 0.13828125 0.3296875 0.2765625
14 0.85234375 0.2328125 0.2953125 0.234375
17 0.06484375 0.44140625 0.1296875 0.1828125
17 0.49296875 0.84375 0.0921875 0.2
17 0.18203125 0.41484375 0.2390625 0.1296875
17 0.21479583654845064 0.6617320880175837 0.2903896924256242 0.23653585972519603
17 0.09375 0.55390625 0.1875 0.2234375
17 0.26539475848601113 0.49760740353613214 0.2434510599120669 0.2242344365265156
17 0.37138270071524354 0.8584432666265404 0.2122646924256241 0.23426265439406188
17 0.23828125 0.94140625 0.2328125 0.1171875
17 0.49609375 0.55234375 0.0859375 0.2546875
17 0.76953125 0.675 0.4609375 0.65