15 0.28515625 0.2 0.5078125 0.4
16 0.69609375 0.259375 0.3140625 0.28125
18 0.1046875 0.8390625 0.1375 0.321875
18 0.30390625 0.733693054617812 0.0890625 0.2301979526972918
18 0.18125 0.53203125 0.115625 0.2640625
18 0.34921875 0.633419644473576 0.1 0.2710775258355557
18 0.42265625 0.6004603676880897 0.09375 0.28811955547083345
18 0.1765625 0.8350945132990274 0.0875 0.22547408510611114
18 0.3640625 0.91328125 0.075 0.1734375
18 0.4734375 0.871875 0.13125 0.15625
18 0.51953125 0.6671875 0.0390625 0.265625
16 0.8140625 0.5484375 0.371875 0.296875
16 0.7984375 0.79296875 0.403125 0.4140625