15 0.29609375 0.35078125 0.2265625 0.1765625
15 0.27109375 0.1125 0.2765625 0.225
15 0.06484375 0.1234375 0.1296875 0.246875
15 0.12890625 0.34921875 0.2578125 0.1796875
17 0.7046875 0.18515625 0.590625 0.3703125
14 0.04140625 0.5765625 0.0828125 0.275
14 0.08125 0.80234375 0.1625 0.2765625
14 0.1078125 0.94765625 0.215625 0.1046875
14 0.31875 0.90703125 0.18125 0.1859375
14 0.2773452972554466 0.704902697640503 0.23042005000969823 0.2614671542193456
14 0.10695266210857488 0.5783151038917387 0.19859622303829685 0.21566373051823948
14 0.2890625 0.51953125 0.240625 0.1609375
15 0.75859375 0.69765625 0.4828125 0.5171875