16 0.1796875 0.21953125 0.359375 0.4390625
17 0.4296875 0.2015625 0.140625 0.403125
17 0.671875 0.2109375 0.525 0.421875
16 0.22421875 0.71953125 0.2703125 0.5609375
16 0.11015625 0.8140625 0.2203125 0.371875
17 0.69453125 0.87421875 0.1765625 0.2515625
17 0.6110148143062957 0.7049110707830719 0.16320643713693722 0.25794305404758583
17 0.83984375 0.47734375 0.1984375 0.0765625
17 0.9484375 0.50234375 0.103125 0.1265625
17 0.625 0.51640625 0.215625 0.1546875
17 0.89375 0.7875 0.2125 0.315625
17 0.7728855756788352 0.8005876616925318 0.14130151199171195 0.35655097241038014