16 0.209375 0.2546875 0.41875 0.509375
17 0.4859375 0.053125 0.134375 0.10625
17 0.471875 0.4296875 0.10625 0.134375
17 0.58515625 0.46328125 0.2484375 0.0921875
17 0.8765625 0.1984375 0.246875 0.15625
17 0.94609375 0.0671875 0.1078125 0.134375
17 0.79453125 0.0703125 0.2171875 0.140625
17 0.78984375 0.42265625 0.1734375 0.1734375
17 0.91953125 0.4765625 0.1609375 0.065625
17 0.51953125 0.21484375 0.2015625 0.1640625
17 0.5328125 0.33828125 0.228125 0.0828125
17 0.175 0.71484375 0.35 0.3046875
17 0.70546875 0.7546875 0.5734375 0.490625