16 0.21953125 0.21484375 0.4390625 0.4296875
16 0.44296875 0.21484375 0.3328125 0.4296875
17 0.92890625 0.303125 0.1421875 0.253125
17 0.709375 0.25625 0.2 0.346875
16 0.43647968692222694 0.7194516898479786 0.1965593805748785 0.4284126843053107
16 0.2924879945232167 0.6917881145423509 0.15636027790931167 0.38730300542706686
16 0.0359375 0.7328125 0.071875 0.475
16 0.08125 0.88828125 0.1625 0.2234375
16 0.23125 0.89453125 0.171875 0.2109375
16 0.3671875 0.9296875 0.171875 0.140625
17 0.8046875 0.73046875 0.390625 0.5390625