17 0.371875 0.134375 0.45625 0.26875
17 0.13359375 0.1609375 0.2671875 0.321875
15 0.8 0.225 0.4 0.45
16 0.53515625 0.70703125 0.1296875 0.4234375
16 0.0375 0.74609375 0.075 0.4265625
16 0.18125 0.6328125 0.28125 0.365625
16 0.32630145790492354 0.6681571858845207 0.27372963433580216 0.38746468032537573
16 0.46796875 0.68046875 0.2640625 0.3734375
16 0.0890625 0.62109375 0.178125 0.3421875
16 0.09453125 0.8328125 0.1890625 0.334375
16 0.20546875 0.8296875 0.2421875 0.340625
16 0.34296875 0.86171875 0.2390625 0.2765625
16 0.4828125 0.86015625 0.23125 0.2796875
17 0.8 0.66640625 0.4 0.4328125