15 0.34453125 0.2609375 0.4703125 0.45625
15 0.4375 0.10625 0.284375 0.2125
15 0.20703125 0.09453125 0.4140625 0.1890625
17 0.753125 0.24453125 0.346875 0.4890625
17 0.909375 0.221875 0.18125 0.44375
17 0.8578125 0.23671875 0.284375 0.4734375
14 0.28984375 0.74453125 0.5796875 0.5109375
16 0.62109375 0.76640625 0.0828125 0.4015625
16 0.8234375 0.709375 0.34375 0.440625
16 0.92109375 0.83671875 0.1578125 0.3265625
16 0.82578125 0.87265625 0.3046875 0.2546875
16 0.70703125 0.90625 0.2546875 0.1875