16 0.09375 0.4140625 0.1875 0.209375
16 0.253125 0.45859375 0.203125 0.1203125
16 0.13984375 0.18203125 0.2484375 0.3640625
16 0.03515625 0.175 0.0703125 0.35
16 0.321875 0.18515625 0.21875 0.3703125
16 0.49296875 0.16953125 0.1953125 0.3390625
16 0.6015625 0.1578125 0.096875 0.315625
16 0.38984375 0.434375 0.2015625 0.16875
16 0.5359375 0.41796875 0.175 0.2015625
17 0.89140625 0.32890625 0.2171875 0.3734375
17 0.85078125 0.09765625 0.2984375 0.1953125
14 0.40703125 0.8734375 0.4859375 0.253125
14 0.15234375 0.6578125 0.3046875 0.278125
14 0.4375 0.64453125 0.28125 0.2515625
15 0.825 0.759375 0.35 0.48125