15 0.10703125 0.1046875 0.2140625 0.209375
15 0.159375 0.24453125 0.31875 0.4890625
16 0.66796875 0.24453125 0.6640625 0.4890625
17 0.159375 0.74453125 0.31875 0.5109375
14 0.7359375 0.59375 0.365625 0.209375
14 0.584375 0.871875 0.45625 0.25625
14 0.6334622999139792 0.712387762585197 0.2912910219140972 0.22220583116686257
14 0.8760276753193686 0.7745802508173695 0.2428535219140972 0.22136035145940197
14 0.48984375 0.521875 0.2984375 0.065625
14 0.4328125 0.6109375 0.228125 0.24375
14 0.91484375 0.5265625 0.1703125 0.075
14 0.93828125 0.61796875 0.1234375 0.1828125