18 0.58515625 0.384375 0.1078125 0.165625
18 0.065625 0.0375 0.13125 0.075
18 0.13949098172965338 0.35701754854167705 0.2138042361025528 0.1418260231559433
18 0.14094766056881047 0.3173380239092797 0.20658373195336796 0.14881739631792995
18 0.16880274127742298 0.18498068218184952 0.2000969336130419 0.1450354948475196
18 0.30617176409793984 0.21316914909761375 0.2247184253146722 0.16312387536155884
18 0.75234375 0.0421875 0.2265625 0.084375
18 0.684375 0.35390625 0.090625 0.1703125
18 0.8125 0.0765625 0.171875 0.153125
18 0.8921875 0.20859375 0.215625 0.2609375
18 0.66484375 0.20859375 0.0515625 0.1859375
22 0.18359375 0.675 0.3671875 0.371875
21 0.81953125 0.63671875 0.3609375 0.2953125
21 0.81953125 0.7546875 0.3609375 0.490625