18 0.0328125 0.40546875 0.065625 0.0703125
18 0.04765625 0.35625 0.0953125 0.0875
18 0.18295828635559577 0.21287836553118375 0.09831313103709682 0.1058983105039835
18 0.22940006268206153 0.44411164515635493 0.12175063103709682 0.10658027210332381
18 0.3265625 0.0765625 0.046875 0.153125
18 0.31796875 0.0328125 0.0640625 0.065625
19 0.75078125 0.2796875 0.4984375 0.44375
19 0.69921875 0.44453125 0.6015625 0.1296875
21 0.175 0.77265625 0.35 0.4546875
19 0.5625 0.64375 0.425 0.26875
19 0.62109375 0.834375 0.4953125 0.33125