18 0.34921875 0.07578125 0.3390625 0.1515625
18 0.39921875 0.52890625 0.2390625 0.2609375
18 0.1546875 0.2546875 0.309375 0.24375
18 0.13671875 0.40546875 0.2734375 0.2484375
18 0.05390625 0.47890625 0.1078125 0.2171875
18 0.41640625 0.16796875 0.2046875 0.2640625
18 0.50625 0.3203125 0.025 0.20625
18 0.8171875 0.41875 0.365625 0.25625
19 0.79921875 0.73828125 0.2671875 0.1578125
19 0.621875 0.7015625 0.20625 0.084375
19 0.9109375 0.821875 0.178125 0.221875
19 0.84296875 0.94609375 0.2265625 0.1078125