18 0.2 0.26015625 0.4 0.4390625
21 0.30234375 0.884375 0.1953125 0.23125
21 0.2 0.715625 0.4 0.375
21 0.0484375 0.85625 0.096875 0.2875
18 0.78515625 0.98984375 0.1109375 0.0203125
18 0.6135454975034188 0.8827464058302914 0.13843943843583925 0.0945044998036085
18 0.7958104993756023 0.6019287187674204 0.11452231946747685 0.0725022347764936
18 0.4734375 0.9625 0.146875 0.075
18 0.65078125 0.965625 0.1484375 0.06875
18 0.9066613246664158 0.944575281900941 0.15181463227942302 0.10395222267624504
18 0.45 0.721875 0.1 0.08125
18 0.94921875 0.50859375 0.0703125 0.0578125
18 0.6563326249994951 0.663583315373016 0.1167103040764367 0.0959397347764936
18 0.47421875 0.5078125 0.1296875 0.05625
18 0.7811681713804116 0.7712827067653678 0.10841818510807393 0.07402837334017516
18 0.9347505678030894 0.7268883330324092 0.0869832050746652 0.19571247579950324