18 0.90703125 0.3015625 0.07265625 0.1671875
18 0.609375 0.265625 0.04453125 0.2265625
18 0.66171875 0.37578125 0.071875 0.1140625
18 0.7140625 0.50546875 0.04609375 0.1046875
18 0.1640625 0.596875 0.0796875 0.11796875
18 0.52421875 0.77734375 0.1328125 0.06328125
18 0.6453125 0.72421875 0.11796875 0.06796875
18 0.45703125 0.621875 0.09375 0.09609375
18 0.5328125 0.42109375 0.0484375 0.153125
18 0.375 0.1796875 0.03125 0.1171875
18 0.2765625 0.06875 0.03828125 0.09765625
18 0.22734375 0.26953125 0.0640625 0.15859375
18 0.27734375 0.47109375 0.0734375 0.20703125
18 0.525 0.57578125 0.0515625 0.0875
18 0.515625 0.2078125 0.034375 0.16171875
18 0.803125 0.234375 0.04921875 0.159375
18 0.61171875 0.61875 0.0578125 0.08984375
18 0.54609375 0.68046875 0.06015625 0.0921875