18 0.10133742270049843 0.11656086531006986 0.0982567813494537 0.12100479065319458
18 0.16171875 0.49296875 0.1078125 0.1140625
18 0.4173538687141797 0.22467018493295204 0.18552042401336308 0.10272887575930571
18 0.11332998738858838 0.27460975465274345 0.12020450668363551 0.12776393692972227
18 0.34147371606458793 0.3486512391695145 0.12034995735199913 0.14026393692972228
18 0.48203125 0.36328125 0.1734375 0.1296875
21 0.784375 0.434375 0.43125 0.23125
21 0.90625 0.36875 0.1875 0.3625
21 0.7265625 0.3390625 0.315625 0.3625
21 0.92734375 0.23984375 0.1453125 0.4078125
21 0.94296875 0.1125 0.1140625 0.225
21 0.73828125 0.13984375 0.3390625 0.2796875
21 0.4125 0.72109375 0.3125 0.3421875
20 0.93671875 0.68359375 0.1265625 0.2421875