18 0.121875 0.0578125 0.1625 0.115625
18 0.13984375 0.15390625 0.1984375 0.0921875
18 0.21640625 0.08984375 0.1859375 0.1796875
18 0.2953125 0.08125 0.1875 0.1625
16 0.36796875 0.5734375 0.5234375 0.746875
16 0.21953125 0.65078125 0.4390625 0.6421875
14 0.6828125 0.74453125 0.10625 0.3171875
14 0.759375 0.60703125 0.259375 0.2640625
14 0.953125 0.73359375 0.09375 0.4921875
14 0.88515625 0.8234375 0.2296875 0.303125
14 0.77578125 0.8875 0.2921875 0.225
14 0.690625 0.39453125 0.121875 0.3046875
14 0.840625 0.3453125 0.31875 0.290625
14 0.95625 0.35859375 0.0875 0.3171875