18 0.303125 0.1234375 0.26875 0.246875
18 0.0765625 0.18203125 0.153125 0.3640625
18 0.1328125 0.04921875 0.215625 0.0984375
22 0.75 0.28046875 0.5 0.4765625
19 0.33125 0.57578125 0.15 0.1140625
19 0.47421875 0.82578125 0.0515625 0.1984375
19 0.3835899368328131 0.914432503497222 0.1314708183886113 0.14897069368794008
19 0.4453125 0.975 0.10625 0.05
19 0.32978887034406296 0.7155519931170988 0.1427356267092362 0.1634788626613009
19 0.21672713231191026 0.787434968896811 0.09669577488562506 0.1303825197716634
19 0.65703125 0.759375 0.3140625 0.48125