19 0.0765625 0.284375 0.153125 0.15
19 0.33125 0.240625 0.075 0.165625
19 0.34140625 0.0703125 0.0546875 0.140625
19 0.20019462924078227 0.1640480718012538 0.16592471463952715 0.1536346672787226
19 0.1984375 0.03984375 0.13125 0.0796875
19 0.15546875 0.7578125 0.3109375 0.484375
19 0.1828125 0.52578125 0.365625 0.3328125
21 0.534375 0.81015625 0.33125 0.3796875
21 0.78203125 0.8046875 0.4359375 0.390625
21 0.42421875 0.50078125 0.1109375 0.2828125
21 0.59921875 0.4390625 0.3671875 0.159375
21 0.584375 0.61328125 0.43125 0.4078125
21 0.840625 0.4109375 0.3125 0.103125
21 0.875 0.509375 0.25 0.3