19 0.24453125 0.16484375 0.4890625 0.3296875
21 0.74453125 0.1140625 0.5109375 0.228125
21 0.74453125 0.15234375 0.5109375 0.3046875
21 0.7 0.215625 0.421875 0.30625
21 0.91640625 0.2578125 0.1671875 0.221875
21 0.78828125 0.184375 0.4234375 0.36875
18 0.32265625 0.83984375 0.3328125 0.3203125
18 0.20703125 0.396875 0.3640625 0.05625
18 0.103125 0.5390625 0.20625 0.340625
18 0.24453125 0.628125 0.4890625 0.478125
18 0.10546875 0.88203125 0.2109375 0.2359375
19 0.74453125 0.684375 0.5109375 0.63125
19 0.66796875 0.5234375 0.3578125 0.309375