19 0.359375 0.1875 0.2 0.375
19 0.16875 0.18828125 0.3375 0.3765625
21 0.93203125 0.07109375 0.1359375 0.1421875
21 0.7421875 0.1125 0.25 0.225
21 0.92109375 0.26875 0.1578125 0.48125
19 0.05859375 0.640625 0.1171875 0.2625
19 0.10078125 0.9109375 0.2015625 0.178125
19 0.30546875 0.9515625 0.2640625 0.096875
19 0.409375 0.86640625 0.1 0.2671875
19 0.37578125 0.59609375 0.1671875 0.1734375
19 0.178125 0.57734375 0.275 0.1359375
21 0.6703125 0.88828125 0.421875 0.2234375
21 0.94765625 0.85859375 0.1046875 0.2828125