19 0.14296875 0.16328125 0.2859375 0.3265625
19 0.2875 0.19453125 0.34375 0.3890625
22 0.57578125 0.18203125 0.2328125 0.3640625
22 0.66484375 0.10234375 0.4109375 0.2046875
22 0.8625 0.10703125 0.275 0.2140625
22 0.68359375 0.29921875 0.4484375 0.1796875
18 0.38203125 0.4140625 0.1546875 0.05
18 0.3796875 0.5640625 0.159375 0.175
18 0.33359375 0.86015625 0.2515625 0.2140625
18 0.3984375 0.6703125 0.121875 0.2125
18 0.73203125 0.43203125 0.5359375 0.0859375
18 0.746875 0.8390625 0.50625 0.321875
18 0.8546875 0.51796875 0.290625 0.2578125
18 0.8265625 0.6484375 0.346875 0.3