19 0.3125 0.5546875 0.471875 0.109375
19 0.22734375 0.38359375 0.4546875 0.4171875
19 0.421875 0.290625 0.315625 0.2875
18 0.7609375 0.0328125 0.125 0.065625
18 0.7695829642257669 0.0851045814837498 0.1239393415140472 0.09377385771838505
18 0.8395974677613282 0.28065982060933486 0.10835636356061791 0.11026102076024671
18 0.95703125 0.0984375 0.0859375 0.1125
18 0.9276017323201746 0.4841084727767816 0.10267002662212121 0.1660653517868859
18 0.8225717907643662 0.5519100795065836 0.08375193843583917 0.09680601581733086
18 0.882862795132121 0.5173003161607106 0.07891857279524217 0.09505251482874755
21 0.25859375 0.83984375 0.5171875 0.3203125
21 0.27578125 0.7421875 0.5515625 0.265625
21 0.546875 0.65234375 0.065625 0.0859375
21 0.52890625 0.821875 0.1015625 0.171875
22 0.78984375 0.89921875 0.4203125 0.2015625
22 0.78984375 0.83671875 0.4203125 0.3265625
22 0.78984375 0.74375 0.4203125 0.26875