19 0.2921875 0.08984375 0.303125 0.1796875
19 0.5609375 0.1 0.25625 0.2
21 0.4859375 0.50625 0.38125 0.6125
21 0.20335692296510474 0.7244818457423363 0.237979310789167 0.366947867244561
21 0.10390625 0.42109375 0.2078125 0.3546875
21 0.0703125 0.72265625 0.140625 0.2953125
21 0.02734375 0.475 0.0546875 0.309375
21 0.95703125 0.59609375 0.0859375 0.4484375
21 0.87578125 0.3546875 0.2484375 0.309375
21 0.81953125 0.2640625 0.2609375 0.128125
21 0.8578125 0.76953125 0.284375 0.4109375
21 0.77265625 0.51171875 0.1671875 0.3078125
21 0.74921875 0.7421875 0.1203125 0.353125