19 0.4078125 0.1515625 0.284375 0.303125
19 0.1265625 0.5046875 0.253125 0.315625
19 0.17980040723054885 0.6686531157712121 0.006386392319867973 0.005197683030537803
19 0.3638929477427796 0.48649367532380816 0.26789350831327036 0.26036264152496746
19 0.51171875 0.34921875 0.0765625 0.3203125
19 0.40272681254904763 0.2675362522952097 0.2921038981258558 0.2888383278894855
21 0.775 0.23515625 0.45 0.4703125
21 0.69921875 0.48515625 0.2984375 0.4296875
18 0.275 0.85234375 0.55 0.2953125
19 0.83984375 0.86953125 0.3203125 0.2609375
19 0.675014371865897 0.7386627268313186 0.24690374373179386 0.07471218394862209
19 0.64140625 0.92578125 0.1828125 0.1484375