19 0.18125 0.40625 0.25625 0.225
19 0.0984375 0.31875 0.196875 0.4
21 0.61640625 0.4875 0.3515625 0.0625
21 0.4640625 0.31171875 0.309375 0.3609375
21 0.8453125 0.4515625 0.3 0.134375
21 0.7129796129013348 0.2881320812871591 0.42163967535011293 0.30874113182851987
18 0.4210704028099217 0.6511893931112909 0.10306084160399784 0.1356312746106063
18 0.6661090368037057 0.9204635449980703 0.08009422249741008 0.11155727711788863
18 0.359375 0.5375 0.1 0.0375
18 0.34140625 0.6546875 0.0640625 0.14375
18 0.340625 0.91640625 0.0625 0.1484375
18 0.60390625 0.55546875 0.0890625 0.0734375
18 0.91953125 0.74921875 0.1609375 0.0578125
18 0.6284356007002259 0.764889494918928 0.10353172249741008 0.11223923871722903
18 0.8241397448282044 0.6449731146732539 0.10113446856846871 0.1277733105039836
18 0.5037138906088126 0.850982456122557 0.08143839867609248 0.10691524122451135
18 0.52265625 0.9875 0.1984375 0.025
18 0.934375 0.59921875 0.13125 0.0921875