19 0.18984375 0.15 0.3796875 0.3
21 0.56796875 0.215625 0.3171875 0.16875
21 0.49453125 0.0703125 0.2296875 0.140625
21 0.743906543834785 0.14071043324318594 0.2994308043815012 0.23937377204008908
21 0.8078125 0.0359375 0.23125 0.071875
21 0.27265625 0.77734375 0.2140625 0.2234375
21 0.13515625 0.90625 0.2703125 0.1875
21 0.07734375 0.59375 0.1546875 0.3875
19 0.737408902194046 0.6441803312380954 0.26578428165333 0.3702056013685439
19 0.5157930008140742 0.6319183306015485 0.17439562256272048 0.325401084022908
19 0.65703125 0.4015625 0.2390625 0.203125
19 0.9015625 0.4546875 0.196875 0.309375
19 0.78046875 0.89921875 0.2203125 0.2015625
19 0.4359375 0.9140625 0.1125 0.171875