19 0.29766670136611156 0.4506858870627701 0.0926979526972918 0.09752270715464455
19 0.2820910270698266 0.18340444321918614 0.08143314437666671 0.08243914767046334
19 0.33125 0.31015625 0.0375 0.1171875
19 0.2683753256068059 0.26397703681321294 0.08939111474138901 0.08941847587345002
21 0.80546875 0.77265625 0.3890625 0.0734375
21 0.9 0.70078125 0.2 0.1640625
21 0.5919817054501741 0.5569061878114415 0.4810707748856252 0.1711973860227804
21 0.88828125 0.52265625 0.2234375 0.1828125
21 0.89453125 0.31875 0.2109375 0.121875
21 0.78515625 0.17109375 0.4296875 0.1546875
21 0.646875 0.05 0.471875 0.1
21 0.5484375 0.203125 0.396875 0.278125
22 0.53984375 0.9046875 0.3796875 0.190625