21 0.20390625 0.53359375 0.4078125 0.2328125
21 0.2046875 0.3453125 0.409375 0.315625
21 0.2046875 0.13125 0.409375 0.2625
21 0.2046875 0.03515625 0.409375 0.0703125
18 0.8268104866913081 0.3382022448282043 0.31325868676785795 0.10972187220695977
18 0.8643449787826428 0.30252161000585076 0.2308626808363588 0.07781259263745514
18 0.21640625 0.95390625 0.2828125 0.0921875
18 0.2046875 0.7796875 0.409375 0.209375
21 0.68046875 0.96171875 0.5421875 0.0765625
21 0.81015625 0.78828125 0.3796875 0.2765625
21 0.57421875 0.8015625 0.3296875 0.303125