21 0.13984375 0.47109375 0.2796875 0.3765625
21 0.20078125 0.27421875 0.1578125 0.4609375
21 0.13984375 0.11015625 0.2796875 0.2203125
18 0.56640625 0.03828125 0.4078125 0.0765625
18 0.45240813803479885 0.48672671493242115 0.21983138347992953 0.2706713879720084
18 0.7726561837657805 0.2411718808998164 0.34517363466105594 0.20069261992537618
18 0.7836060635326948 0.39617868961310465 0.34539188947037935 0.2069426199253762
18 0.8796875 0.48671875 0.240625 0.1828125
18 0.44453125 0.1078125 0.3296875 0.215625
18 0.3390625 0.24375 0.11875 0.19375
21 0.78046875 0.85 0.4171875 0.3
21 0.52265625 0.8078125 0.4578125 0.296875