21 0.20390625 0.125 0.2828125 0.25
21 0.4234375 0.23046875 0.153125 0.2515625
21 0.265625 0.0359375 0.340625 0.071875
21 0.97265625 0.17265625 0.0546875 0.2484375
21 0.9375 0.36328125 0.125 0.2515625
21 0.93125 0.04609375 0.1375 0.0921875
21 0.8612077491162372 0.1712514415346657 0.15636012607064959 0.300127030005819
21 0.7078125 0.06171875 0.10625 0.1234375
21 0.719452041172519 0.23386352758992307 0.09359650565734068 0.24971269970043758
21 0.61875 0.1234375 0.1 0.246875
21 0.640625 0.35703125 0.140625 0.2640625
21 0.8296875 0.39921875 0.090625 0.1796875
19 0.24140625 0.63125 0.3171875 0.284375
19 0.44375 0.5953125 0.1125 0.2125
18 0.76953125 0.80078125 0.4609375 0.3984375