21 0.184375 0.075 0.36875 0.15
21 0.1296875 0.22421875 0.259375 0.3890625
21 0.2875 0.14296875 0.1625 0.2859375
21 0.25859375 0.290625 0.2203125 0.25625
18 0.46171875 0.39453125 0.1859375 0.0484375
18 0.606485556243525 0.29218604408725624 0.2414341368892682 0.16795159654926026
18 0.88125 0.23984375 0.2375 0.3078125
18 0.5578125 0.38515625 0.271875 0.0671875
18 0.42578125 0.16640625 0.1140625 0.1578125
18 0.5053168544242794 0.19322438418022864 0.12875435442427943 0.18966306956195353
18 0.1109375 0.7296875 0.221875 0.228125
18 0.140625 0.803125 0.28125 0.2375