21 0.15 0.31640625 0.3 0.6265625
19 0.384375 0.30234375 0.16875 0.4484375
19 0.73828125 0.56875 0.2953125 0.121875
19 0.8919434922924765 0.568559030350087 0.005307660819051563 0.0063863923198681505
19 0.6852563833830561 0.40114289515635493 0.24714655337635386 0.2611434031404206
19 0.5140625 0.15 0.30625 0.3
19 0.46001172512354077 0.38126934969606613 0.2757245760382718 0.2822287929530063
21 0.15 0.84140625 0.3 0.3171875
21 0.22734375 0.74375 0.1453125 0.228125
21 0.10928984829736584 0.7228240153728992 0.18019877924771333 0.15169419530200426
21 0.725 0.90859375 0.55 0.1828125