21 0.2953125 0.24609375 0.31875 0.3265625
21 0.103125 0.11015625 0.20625 0.2203125
21 0.07578125 0.2046875 0.1515625 0.409375
21 0.7578125 0.21328125 0.15625 0.3921875
21 0.83984375 0.1046875 0.3203125 0.209375
21 0.83828125 0.346875 0.3171875 0.125
21 0.94375 0.25390625 0.1125 0.3109375
19 0.56640625 0.8453125 0.2265625 0.309375
19 0.296875 0.89140625 0.4 0.2171875
19 0.3720305778660477 0.6945454141380546 0.337673758584207 0.3278282229032402
18 0.8474396440246306 0.7570808277104615 0.09349651170746505 0.23306536116879606
18 0.71875 0.60859375 0.078125 0.1890625
18 0.73671875 0.8140625 0.1140625 0.134375