21 0.190625 0.4015625 0.38125 0.134375
21 0.28203125 0.1984375 0.4921875 0.396875
21 0.43984375 0.18203125 0.1796875 0.3640625
21 0.4046875 0.37421875 0.25 0.1890625
21 0.85546875 0.12734375 0.2890625 0.2546875
21 0.7354245405562854 0.24050228590354186 0.31312478115388914 0.36959168028020867
21 0.878125 0.3421875 0.24375 0.253125
19 0.309375 0.746875 0.440625 0.44375
19 0.2875 0.53984375 0.484375 0.1421875
19 0.0953125 0.62578125 0.190625 0.3140625
18 0.95 0.53203125 0.1 0.1265625
18 0.75859375 0.940625 0.3359375 0.11875
18 0.65 0.53203125 0.240625 0.1265625
18 0.68125 0.69453125 0.303125 0.2328125
18 0.7916355601235768 0.8628929642838894 0.356653962765278 0.2269327080156252