21 0.28359375 0.3625 0.2984375 0.153125
21 0.3983563333494972 0.1867252227544906 0.23593646849636904 0.32594186148063836
21 0.1484375 0.3796875 0.228125 0.11875
21 0.0828125 0.34296875 0.165625 0.1921875
21 0.21945008334949723 0.2034268386028839 0.29897860243529273 0.31942235274512853
21 0.2484375 0.05390625 0.2125 0.1078125
19 0.86875 0.421875 0.115625 0.034375
19 0.9129773295564754 0.19668489683927942 0.09933006242753387 0.096106072795242
19 0.8389654868332583 0.3122282757909375 0.08938097758022465 0.12618914767046335
19 0.9175210504687403 0.28127869530017546 0.10790783697334128 0.10621040099822858
22 0.3046875 0.8515625 0.490625 0.296875
22 0.275 0.6875 0.55 0.496875
21 0.7296875 0.71953125 0.359375 0.5609375
21 0.71796875 0.9390625 0.3359375 0.121875