21 0.0484375 0.2703125 0.096875 0.353125
21 0.184375 0.11484375 0.36875 0.2296875
21 0.32213239619876666 0.20955455087135083 0.42121174410568185 0.386108897847523
21 0.12890625 0.4265625 0.2578125 0.403125
21 0.1765625 0.54453125 0.353125 0.2484375
21 0.40677535714973134 0.39041709905210514 0.3480687213682689 0.2750943151348652
22 0.86796875 0.515625 0.2640625 0.30625
22 0.88984375 0.37734375 0.2203125 0.5765625
22 0.85 0.1625 0.3 0.325
19 0.29453125 0.834375 0.5890625 0.33125
18 0.90546875 0.77265625 0.1890625 0.2078125