21 0.49375 0.159375 0.53125 0.31875
21 0.2796875 0.2 0.559375 0.2375
21 0.97578125 0.159375 0.0484375 0.31875
21 0.8796875 0.159375 0.240625 0.31875
19 0.5500025852306429 0.6476051317174725 0.3779218173671449 0.4531850818840882
19 0.299188333202048 0.7274038318840882 0.4157218262955986 0.4721191724546287
19 0.10703125 0.49296875 0.2140625 0.3484375
22 0.8796875 0.58671875 0.240625 0.5359375
22 0.8234375 0.553125 0.128125 0.46875
22 0.790625 0.6359375 0.0625 0.634375
22 0.89453125 0.8296875 0.2109375 0.340625