22 0.28515625 0.23125 0.3890625 0.4625
19 0.953125 0.3984375 0.09375 0.321875
19 0.94453125 0.08203125 0.1109375 0.1640625
19 0.58671875 0.07734375 0.2140625 0.1546875
19 0.5871448282897932 0.3886068250854599 0.21066156811938547 0.32277958511458993
19 0.80625 0.43828125 0.240625 0.2421875
18 0.25915998130179985 0.8221253333987303 0.07504331555913665 0.24396060015828452
18 0.0171875 0.9296875 0.034375 0.1125
18 0.12030958390440087 0.8485023138026889 0.08077810509226264 0.18173338479802076
18 0.17734375 0.95859375 0.0640625 0.0828125
18 0.64765625 0.61640625 0.1328125 0.1140625
18 0.5453125 0.609375 0.13125 0.1
18 0.7318357020096689 0.787489572115959 0.12423822070786894 0.365500631037097