22 0.2 0.175 0.4 0.35
20 0.90625 0.12265625 0.1875 0.2453125
20 0.8043550921866593 0.13529398660402409 0.23288818169855424 0.25063874837514694
20 0.21272034117825322 0.8604052605500115 0.22728303788306992 0.19279897483619662
20 0.36328125 0.8328125 0.0734375 0.178125
18 0.9546875 0.86953125 0.090625 0.1546875
18 0.6275473017056994 0.7193262930174156 0.2534741972858944 0.14331717207625302
18 0.865172259887357 0.509150272317839 0.14522465471124732 0.13518529788867967
18 0.7216247196584986 0.6044200876596844 0.1978033514929388 0.1283000982129911
18 0.6921875 0.39609375 0.146875 0.0921875
18 0.7796607308063634 0.4568144305976697 0.12916261213660069 0.12866256249917624
18 0.8481329533148537 0.7192656120094135 0.20975704827463018 0.12070578652459396