22 0.1484375 0.22421875 0.296875 0.1890625
22 0.32265625 0.16015625 0.3140625 0.3171875
22 0.2328125 0.225 0.465625 0.1875
22 0.7453125 0.19375 0.509375 0.25
22 0.73984375 0.159375 0.5203125 0.31875
20 0.19296875 0.596875 0.3859375 0.55625
20 0.2953125 0.8953125 0.271875 0.209375
18 0.8303571996293311 0.580512442736538 0.3260516455456469 0.4454822322426839
18 0.6078125 0.7453125 0.25625 0.43125
18 0.6485417152384276 0.512253238174183 0.2584425048941414 0.34130938539871386
18 0.95703125 0.475 0.0859375 0.3125