22 0.25546875 0.44921875 0.5078125 0.4015625
22 0.2546875 0.36484375 0.509375 0.4015625
22 0.2546875 0.21875 0.509375 0.4375
21 0.646875 0.20859375 0.275 0.4171875
21 0.8140625 0.38125 0.371875 0.528125
21 0.9390625 0.1328125 0.121875 0.265625
21 0.86796875 0.0421875 0.2640625 0.084375
18 0.43734492483049775 0.9128747714231824 0.09858869171077381 0.12750193843583943
18 0.1301783650583967 0.8302562167223482 0.18969385277546907 0.10954551123108125
18 0.43908779144613125 0.7554998683449746 0.12221719269935694 0.13437742304479922
18 0.21640625 0.7109375 0.1203125 0.121875
18 0.0828125 0.70625 0.165625 0.1125
22 0.7234375 0.825 0.428125 0.35