18 0.7198163447246791 0.21978130668370888 0.08535679201145392 0.09274717105719717
18 0.7441447300684059 0.2986694097551525 0.07896134134309048 0.07962701023814542
18 0.6301924127545868 0.4309464346026973 0.06524428668045398 0.10791914839527923
18 0.5037913553866794 0.16401075842642765 0.06678860534690845 0.10651168860004212
18 0.159375 0.71953125 0.31875 0.1984375
18 0.19296875 0.92734375 0.2515625 0.1453125
18 0.159375 0.55859375 0.31875 0.0984375
21 0.43359375 0.81484375 0.2296875 0.1734375
21 0.71484375 0.584375 0.3640625 0.15
21 0.5548731447326334 0.7101627650122232 0.27198627737108916 0.30479191521922006
21 0.40625 0.61015625 0.175 0.2015625