22 0.16796875 0.1 0.3359375 0.2
21 0.7796875 0.1 0.440625 0.2
21 0.7796875 0.06328125 0.440625 0.1265625
19 0.1453125 0.7625 0.290625 0.309375
19 0.06328125 0.3015625 0.1265625 0.203125
19 0.1859375 0.23671875 0.346875 0.0734375
19 0.42734375 0.31484375 0.2640625 0.2296875
19 0.12734375 0.54140625 0.2546875 0.2171875
19 0.3627030933798817 0.8557094076113646 0.2838584722051056 0.24990082939624542
19 0.41171875 0.47421875 0.2953125 0.2453125
21 0.76171875 0.88828125 0.4046875 0.2234375
21 0.7796875 0.7625 0.440625 0.284375
21 0.7796875 0.578125 0.440625 0.3125