23 0.2984375 0.3140625 0.21875 0.13125
23 0.41796875 0.1609375 0.1015625 0.321875
23 0.24296875 0.153125 0.2703125 0.30625
23 0.06875 0.18984375 0.1375 0.3796875
25 0.5328125 0.22265625 0.128125 0.3140625
25 0.55 0.05 0.1625 0.1
25 0.70078125 0.28515625 0.2015625 0.1890625
25 0.70625 0.1046875 0.215625 0.209375
25 0.87109375 0.27265625 0.2109375 0.2140625
25 0.884375 0.1140625 0.196875 0.228125
23 0.1171875 0.6484375 0.234375 0.403125
23 0.3 0.6890625 0.3375 0.54375
23 0.22734375 0.43203125 0.3078125 0.1046875
26 0.609375 0.76953125 0.28125 0.4609375
26 0.6328125 0.51875 0.328125 0.278125
26 0.865625 0.440625 0.26875 0.121875