23 0.41796875 0.5609375 0.7421875 0.2375
23 0.37890625 0.228125 0.7578125 0.45625
25 0.96171875 0.625 0.0765625 0.109375
25 0.9625 0.36640625 0.075 0.2140625
25 0.9022142568643362 0.5133951096770516 0.18106695840243034 0.22405937697836453
25 0.9053144037026059 0.2026689716174106 0.18648378660541703 0.2321175384437538
25 0.8328125 0.37265625 0.0875 0.2265625
25 0.83828125 0.08046875 0.0984375 0.1609375
26 0.303125 0.83984375 0.60625 0.3203125
25 0.89453125 0.71484375 0.2109375 0.0703125
25 0.89453125 0.7875 0.2109375 0.215625