23 0.2546875 0.14453125 0.509375 0.2890625
23 0.2546875 0.08046875 0.509375 0.1609375
26 0.2546875 0.39921875 0.509375 0.2203125
26 0.471875 0.8109375 0.075 0.365625
26 0.24765625 0.89453125 0.3703125 0.2109375
26 0.1171875 0.790625 0.234375 0.23125
26 0.0390625 0.6234375 0.078125 0.30625
26 0.7546875 0.3703125 0.490625 0.1625
26 0.79765625 0.9515625 0.4046875 0.096875
26 0.9625 0.4671875 0.075 0.078125
26 0.76328125 0.50078125 0.4734375 0.2078125
26 0.7640625 0.6640625 0.471875 0.23125
26 0.7875 0.8703125 0.425 0.196875