23 0.03984375 0.2734375 0.0796875 0.4125
23 0.3421875 0.33359375 0.334375 0.2921875
23 0.23359375 0.07421875 0.4578125 0.1484375
23 0.1328125 0.08828125 0.265625 0.1765625
23 0.16953125 0.27734375 0.3390625 0.4046875
23 0.0578125 0.1328125 0.115625 0.265625
23 0.4203125 0.14140625 0.178125 0.2828125
23 0.678125 0.23984375 0.3375 0.4796875
23 0.8578125 0.3859375 0.284375 0.1875
27 0.08359375 0.86953125 0.1671875 0.2609375
25 0.91796875 0.6390625 0.1640625 0.31875
25 0.776065584726623 0.7773891285571202 0.40554733789142505 0.36237857576613985
25 0.61875 0.7453125 0.21875 0.290625
25 0.84453125 0.571875 0.3109375 0.184375
25 0.67734375 0.56484375 0.2609375 0.1703125
25 0.5578125 0.58046875 0.096875 0.2015625