23 0.10078125 0.1859375 0.2015625 0.371875
23 0.5015625 0.03828125 0.315625 0.0765625
23 0.49921875 0.53125 0.3203125 0.196875
23 0.46875 0.584375 0.38125 0.090625
23 0.2234375 0.51328125 0.296875 0.2328125
23 0.13828125 0.3640625 0.2765625 0.2125
23 0.60078125 0.15 0.1171875 0.3
23 0.48671875 0.3796875 0.3453125 0.3125
25 0.740625 0.2265625 0.1625 0.446875
25 0.8734375 0.2265625 0.253125 0.35625
25 0.81640625 0.56171875 0.3078125 0.1359375
25 0.44993211415341283 0.8268281379905865 0.30734187848024563 0.24413537824476314
25 0.928125 0.9328125 0.14375 0.134375
25 0.9609375 0.82109375 0.078125 0.1171875
25 0.841306605099235 0.8511186205374208 0.12894409084927716 0.1255375624991763