23 0.16484375 0.08359375 0.3296875 0.1671875
23 0.68515625 0.15703125 0.3453125 0.2453125
23 0.85859375 0.06015625 0.2828125 0.1203125
25 0.27617930154542286 0.507308903251297 0.23503311363426665 0.32634505240361056
25 0.0859375 0.48203125 0.171875 0.3546875
25 0.07421875 0.71171875 0.1484375 0.1578125
25 0.38984375 0.79140625 0.0578125 0.1859375
25 0.2662064634787014 0.721136957398334 0.19949325973923263 0.16722433063166625
25 0.35546875 0.93828125 0.1265625 0.1234375
25 0.24742741559002185 0.8585098182843062 0.20379893019392786 0.14575943374194403
25 0.3296875 0.32109375 0.178125 0.0828125
26 0.54375 0.63984375 0.25 0.7203125
26 0.78046875 0.63984375 0.2859375 0.7203125