23 0.33984375 0.38828125 0.6796875 0.4234375
25 0.775 0.04375 0.190625 0.0875
25 0.9234375 0.071875 0.153125 0.14375
25 0.8609375 0.5703125 0.278125 0.059375
25 0.725 0.43984375 0.090625 0.2203125
25 0.875 0.49375 0.25 0.2125
25 0.74453125 0.28125 0.1296875 0.225
25 0.890625 0.34296875 0.21875 0.2234375
25 0.76015625 0.1265625 0.1609375 0.225
25 0.90546875 0.1875 0.1890625 0.228125
25 0.0421875 0.6953125 0.084375 0.184375
25 0.0546875 0.95703125 0.109375 0.0859375
25 0.0890625 0.865625 0.178125 0.1875
25 0.07109375 0.63359375 0.1421875 0.0671875
27 0.8171875 0.97734375 0.25625 0.0453125
27 0.9203125 0.70078125 0.159375 0.2015625
27 0.71796875 0.84375 0.0765625 0.2125
27 0.8828125 0.82890625 0.234375 0.1984375