23 0.1875 0.1828125 0.375 0.365625
23 0.2078125 0.25859375 0.415625 0.2203125
23 0.5359375 0.2953125 0.30625 0.146875
23 0.80859375 0.21640625 0.2390625 0.3046875
23 0.8765625 0.24453125 0.246875 0.2484375
25 0.50078125 0.90546875 0.3078125 0.1890625
25 0.11203675527830106 0.6496063810908088 0.20316373051823944 0.19406658235511323
25 0.05390625 0.53828125 0.1078125 0.1984375
25 0.04375 0.7484375 0.0875 0.19375
25 0.5140625 0.4609375 0.209375 0.184375
25 0.5348214646932222 0.5797162947213008 0.2170898628234877 0.18715524830195704
25 0.64140625 0.52890625 0.0953125 0.1765625
25 0.62890625 0.42421875 0.1203125 0.1109375
27 0.84453125 0.896875 0.3109375 0.20625
27 0.84453125 0.684375 0.3109375 0.63125