23 0.3046875 0.14375 0.45 0.2875
27 0.659375 0.35859375 0.259375 0.2203125
27 0.59609375 0.0796875 0.1328125 0.159375
27 0.72578125 0.05078125 0.1640625 0.1015625
27 0.8859375 0.165625 0.228125 0.303125
23 0.35078125 0.8890625 0.3578125 0.1875
23 0.35078125 0.74140625 0.3578125 0.2453125
23 0.39375 0.54140625 0.271875 0.1453125
23 0.1421875 0.6171875 0.284375 0.1875
27 0.70625 0.9015625 0.190625 0.196875
27 0.8819623102990045 0.7808055239175873 0.19250168722776023 0.3359050333397988
27 0.9828125 0.521875 0.034375 0.10625
27 0.8859375 0.54609375 0.065625 0.1546875
27 0.88125 0.9640625 0.215625 0.071875