23 0.484375 0.259375 0.290625 0.51875
23 0.21875 0.1484375 0.39375 0.296875
23 0.19453125 0.4125 0.3890625 0.375
23 0.08515625 0.25859375 0.1703125 0.3828125
23 0.9046875 0.2578125 0.190625 0.515625
23 0.81484375 0.4640625 0.3703125 0.271875
27 0.0859375 0.790625 0.171875 0.2
27 0.18428953681321297 0.8352111081423503 0.21221311480840352 0.2367966210079672
27 0.2390625 0.96015625 0.2 0.0796875
27 0.496875 0.65703125 0.23125 0.1140625
27 0.578125 0.74140625 0.103125 0.2828125
27 0.3649968847749946 0.7821673615075626 0.27429774043229643 0.3009333288463836
27 0.4773732416800821 0.8447008022572202 0.2270049430113902 0.2450182979675713
27 0.578125 0.94765625 0.103125 0.1046875
25 0.91796875 0.8859375 0.1640625 0.228125
25 0.87734375 0.7546875 0.2453125 0.309375