23 0.31171875 0.3515625 0.2140625 0.115625
23 0.31328125 0.125 0.2046875 0.25
27 0.72421875 0.17421875 0.4328125 0.3484375
27 0.88828125 0.3015625 0.2234375 0.215625
27 0.7 0.34375 0.3375 0.13125
27 0.5265625 0.2578125 0.215625 0.303125
23 0.24375 0.57578125 0.35 0.3328125
23 0.184375 0.60390625 0.36875 0.3890625
23 0.03671875 0.9046875 0.0734375 0.190625
23 0.15625 0.83984375 0.284375 0.3203125
25 0.81640625 0.55 0.3671875 0.28125
25 0.48203125 0.59609375 0.1265625 0.3734375
25 0.61640625 0.70234375 0.3953125 0.4046875
25 0.5890625 0.91171875 0.340625 0.1765625
25 0.859375 0.90234375 0.28125 0.1953125