23 0.40078125 0.1796875 0.3578125 0.228125
23 0.50546875 0.46015625 0.1484375 0.0796875
23 0.3864446457012242 0.34308837985419116 0.29058190990138844 0.1949863371354752
23 0.3578125 0.46875 0.240625 0.0625
23 0.18555825568533812 0.3810530474990781 0.16607283360249453 0.21510097316352947
26 0.78515625 0.43359375 0.4109375 0.1328125
26 0.77265625 0.29296875 0.3859375 0.3734375
26 0.72578125 0.1 0.2921875 0.2
27 0.34609375 0.5453125 0.2609375 0.090625
27 0.52734375 0.60234375 0.1046875 0.1765625
27 0.5109375 0.77890625 0.1375 0.2140625
27 0.38802118791115625 0.8574989381506107 0.21911601298564348 0.21381787785160639
27 0.2949411639651688 0.6786847208471776 0.24044554220663664 0.1839696915466968
27 0.1359375 0.8015625 0.271875 0.234375
27 0.0609375 0.609375 0.121875 0.1625
25 0.74375 0.60390625 0.328125 0.2078125
25 0.68203125 0.8203125 0.2046875 0.359375