23 0.31015625 0.1390625 0.2171875 0.228125
23 0.14140625 0.37890625 0.2828125 0.1609375
23 0.165625 0.26015625 0.33125 0.3703125
27 0.7559518539857153 0.12510259835411136 0.18172868778015686 0.23226812021691715
27 0.7708086611909936 0.3127207730221464 0.16464883636823088 0.18217721662612085
27 0.584375 0.109375 0.246875 0.21875
27 0.465625 0.10078125 0.09375 0.2015625
27 0.6318825535108615 0.3072242310640604 0.2206547954602888 0.2278078791939077
27 0.12734375 0.9015625 0.2546875 0.196875
27 0.24609375 0.80859375 0.3453125 0.3828125
27 0.1015625 0.63125 0.203125 0.334375