23 0.10078125 0.38046875 0.2015625 0.1578125
23 0.11484375 0.1640625 0.2296875 0.328125
25 0.88359375 0.08828125 0.2328125 0.1765625
25 0.8488825888064897 0.2645200616863903 0.28123037967363834 0.2496649752123144
25 0.78828125 0.3984375 0.3265625 0.121875
26 0.1390625 0.8484375 0.18125 0.303125
26 0.12421875 0.63515625 0.2109375 0.3515625
25 0.9125 0.85078125 0.175 0.2234375
25 0.7991678539533366 0.7211596238919457 0.303388799589726 0.21435219180046233
25 0.62421875 0.5734375 0.3515625 0.228125
25 0.9625 0.54921875 0.075 0.1796875