23 0.375 0.24296875 0.16875 0.4859375
23 0.1265625 0.47421875 0.253125 0.1890625
23 0.26328125 0.478125 0.3859375 0.18125
23 0.25234375 0.04453125 0.3390625 0.0890625
23 0.3359375 0.103125 0.246875 0.20625
23 0.11171875 0.16796875 0.2234375 0.3359375
23 0.540625 0.32578125 0.1625 0.4859375
23 0.68203125 0.43828125 0.4453125 0.2609375
23 0.725 0.46796875 0.51875 0.2015625
26 0.2859375 0.80703125 0.346875 0.3859375
26 0.11171875 0.84140625 0.2234375 0.3171875
26 0.18515625 0.825 0.3703125 0.35
25 0.90234375 0.66171875 0.1828125 0.1859375
25 0.6515625 0.8828125 0.240625 0.234375
25 0.5390625 0.88828125 0.159375 0.2234375
25 0.5625 0.98046875 0.2 0.0390625
25 0.54140625 0.7046875 0.1640625 0.225