23 0.15859375 0.12109375 0.2328125 0.2421875
23 0.13046875 0.31953125 0.2078125 0.2203125
23 0.1890625 0.39453125 0.246875 0.0703125
23 0.490625 0.06640625 0.11875 0.1328125
23 0.3171875 0.11875 0.253125 0.2375
23 0.44765625 0.375 0.2046875 0.109375
27 0.7484375 0.22890625 0.396875 0.4015625
26 0.275 0.4984375 0.55 0.1375
26 0.275 0.5703125 0.55 0.28125
26 0.275 0.75859375 0.55 0.4140625
26 0.275 0.9140625 0.55 0.171875
23 0.82109375 0.63359375 0.3390625 0.4078125
23 0.86796875 0.90078125 0.2640625 0.1984375
23 0.915625 0.625 0.16875 0.390625