23 0.35546875 0.13984375 0.1484375 0.2796875
23 0.2546875 0.23046875 0.35 0.0984375
23 0.05546875 0.13984375 0.1109375 0.2796875
23 0.21171875 0.1125 0.2796875 0.225
25 0.86796875 0.13984375 0.2640625 0.2796875
25 0.6171875 0.1859375 0.375 0.1875
25 0.80703125 0.03046875 0.3859375 0.0609375
25 0.56171875 0.10546875 0.2640625 0.2109375
26 0.21484375 0.63984375 0.4296875 0.7203125
25 0.7765625 0.946875 0.371875 0.10625
25 0.80703125 0.81484375 0.3859375 0.3296875
25 0.56953125 0.88828125 0.2796875 0.2234375
25 0.7877331900106842 0.6409361557320955 0.3574405108845912 0.25983965007475474
25 0.971875 0.72421875 0.05625 0.2640625
25 0.92890625 0.91328125 0.1421875 0.1734375