23 0.1640625 0.0734375 0.328125 0.146875
23 0.86328125 0.27109375 0.2734375 0.1359375
23 0.89453125 0.16875 0.2109375 0.3375
27 0.453125 0.87421875 0.09375 0.2171875
27 0.42734375 0.64375 0.1453125 0.240625
27 0.39375 0.3859375 0.16875 0.09375
27 0.1640625 0.6176810656946893 0.2171875 0.24263231456303558
27 0.0765625 0.4828125 0.153125 0.178125
27 0.4234375 0.9625 0.153125 0.075
27 0.2765625 0.37265625 0.190625 0.0671875
27 0.23984375 0.7027720386708963 0.1390625 0.22135045680654794
27 0.21875 0.8976275152651478 0.1875 0.18951395861557002
27 0.60078125 0.5159204918593996 0.1625 0.1975787641334943
27 0.55625 0.72578125 0.1125 0.2140625
27 0.65703125 0.6356288042747286 0.153125 0.18458744120271575
27 0.7296875 0.428125 0.16875 0.178125
27 0.7078125 0.7806237217330116 0.1859375 0.21286957146044044
27 0.8953125 0.7965785131174414 0.1875 0.23013895861557013
27 0.9515625 0.9203125 0.096875 0.159375
27 0.91640625 0.4828125 0.1671875 0.2125
27 0.81171875 0.6298657259168831 0.171875 0.22150758706427282