23 0.1875 0.0671875 0.375 0.134375
23 0.41484375 0.25546875 0.2484375 0.3890625
23 0.3359375 0.33203125 0.3 0.2359375
23 0.1328125 0.22890625 0.265625 0.4203125
23 0.178125 0.38359375 0.31875 0.1328125
23 0.40234375 0.10234375 0.2609375 0.2046875
25 0.625 0.25234375 0.171875 0.3734375
25 0.675 0.08828125 0.271875 0.1765625
25 0.85546875 0.12734375 0.2890625 0.2546875
25 0.353125 0.7203125 0.371875 0.540625
23 0.76953125 0.9171875 0.4609375 0.165625
23 0.7640625 0.86640625 0.45 0.2671875
23 0.75546875 0.78515625 0.4328125 0.4296875
23 0.6984375 0.7203125 0.31875 0.490625
23 0.65703125 0.6546875 0.2359375 0.409375
23 0.62890625 0.59921875 0.1796875 0.2984375