23 0.2375 0.421875 0.475 0.215625
23 0.253125 0.340625 0.50625 0.378125
23 0.23671875 0.2015625 0.4734375 0.334375
23 0.2546875 0.12265625 0.509375 0.2453125
23 0.2546875 0.06328125 0.509375 0.1265625
23 0.7546875 0.26484375 0.490625 0.5296875
27 0.4484375 0.82421875 0.121875 0.1859375
27 0.46796875 0.6375 0.0828125 0.215625
27 0.16328125 0.925 0.1734375 0.15
27 0.18340325257378948 0.8038777421258375 0.1557284774344579 0.2082413203356502
27 0.05078125 0.8515625 0.1015625 0.25
27 0.7453125 0.7390625 0.365625 0.41875
27 0.925 0.7390625 0.15 0.41875