23 0.3796875 0.31953125 0.259375 0.3390625
23 0.2546875 0.19453125 0.509375 0.3890625
23 0.22109375 0.06796875 0.4421875 0.1359375
23 0.2328125 0.3921875 0.35625 0.19375
23 0.6421875 0.24453125 0.265625 0.4890625
23 0.70234375 0.1171875 0.3859375 0.234375
25 0.07421875 0.79921875 0.1484375 0.2265625
25 0.11171875 0.9125 0.2234375 0.175
25 0.35625 0.925 0.271875 0.15
25 0.28711869531714296 0.8342756160469799 0.25327473137238704 0.22699221741393635
25 0.22077190045175782 0.7021435483662135 0.25327473137238704 0.22699221741393635
25 0.9234375 0.58125 0.153125 0.184375
25 0.6328125 0.91015625 0.178125 0.1796875
25 0.6921295029131846 0.7342861807991777 0.20485264192396552 0.19851970752810438
25 0.7703125 0.56796875 0.2375 0.1578125