23 0.2359375 0.25 0.446875 0.5
25 0.8359375 0.0390625 0.115625 0.078125
25 0.70625 0.02578125 0.15 0.0515625
25 0.7052729950627545 0.078159705042777 0.14500971622369913 0.1292171912348145
25 0.7062428146179411 0.16603085193249925 0.14480945712440044 0.12609219123481452
25 0.7054999398486539 0.25142154778546216 0.14833497532299766 0.13261559330833314
25 0.823550230564785 0.19027757917106386 0.1160836798265045 0.11425657257314796
27 0.2296875 0.75 0.459375 0.5
26 0.63125 0.809375 0.34375 0.38125
26 0.64609375 0.66328125 0.3734375 0.3265625
26 0.8203125 0.8625 0.296875 0.275