23 0.3057579796968638 0.29364701718571196 0.4439489071475437 0.3725189676606817
23 0.2078125 0.4265625 0.415625 0.184375
23 0.51953125 0.44765625 0.3609375 0.1421875
23 0.58828125 0.3359375 0.2234375 0.365625
23 0.44765625 0.1421875 0.4203125 0.284375
23 0.57734375 0.11796875 0.2453125 0.2359375
23 0.26875 0.02734375 0.440625 0.0546875
23 0.1421875 0.1140625 0.284375 0.228125
23 0.80390625 0.3078125 0.2078125 0.421875
26 0.57109375 0.5890625 0.2578125 0.140625
26 0.6163373354380826 0.6948708389848367 0.11268568380210837 0.08698210085908258
26 0.5566864683281574 0.8522429257104251 0.23267453163466154 0.16187363749381412
26 0.3565630874152489 0.671861627655733 0.2341096976422728 0.1588305246489437
26 0.09140625 0.9265625 0.1828125 0.146875
26 0.3787750325488826 0.9337375079134578 0.18752385771838503 0.12520579715018093
26 0.4390625 0.60546875 0.234375 0.1734375
26 0.31543141003893116 0.7205956987774892 0.20684686068413444 0.14025094301173802
26 0.5696122326626133 0.7848064422187685 0.1495781887450242 0.11230300542706688
23 0.85 0.8359375 0.3 0.328125