23 0.3921875 0.33984375 0.375 0.4390625
26 0.8796875 0.14609375 0.240625 0.2921875
26 0.740625 0.18046875 0.31875 0.3609375
26 0.6625 0.21640625 0.165625 0.4328125
27 0.09296875 0.9234375 0.1671875 0.153125
27 0.20234375 0.97734375 0.1546875 0.0453125
27 0.28046875 0.89921875 0.1859375 0.2015625
27 0.4717841860886197 0.8862381747416007 0.18641478714217125 0.22341412091177615
27 0.55859375 0.903125 0.0421875 0.19375
27 0.54296875 0.74921875 0.0734375 0.1734375
27 0.35546875 0.971875 0.1703125 0.05625
26 0.78984375 0.72265625 0.4203125 0.3265625
26 0.91328125 0.86328125 0.1734375 0.2734375