23 0.175 0.29453125 0.35 0.5890625
25 0.52421875 0.5546875 0.3453125 0.06875
25 0.41328125 0.446875 0.1265625 0.284375
25 0.75859375 0.52265625 0.3421875 0.1328125
25 0.5293382232654577 0.422748774749938 0.30794195870463453 0.30813129991647764
25 0.434375 0.2203125 0.16875 0.334375
25 0.828125 0.44921875 0.3 0.2796875
25 0.91171875 0.35625 0.1765625 0.278125
25 0.7767784866327287 0.19557674750341877 0.3124476453691802 0.2929438968382696
25 0.6481074992839113 0.2977511977947371 0.3281999147039983 0.3053400532442428
25 0.49765625 0.12734375 0.2953125 0.2546875
25 0.175 0.79453125 0.35 0.4109375
23 0.5125 0.79453125 0.325 0.4109375
23 0.80234375 0.896875 0.3953125 0.20625