23 0.2734375 0.28828125 0.371875 0.2421875
23 0.28671875 0.0984375 0.3453125 0.196875
27 0.9359375 0.30390625 0.128125 0.2046875
27 0.546875 0.31328125 0.175 0.1609375
27 0.6500270686352831 0.07963434757972228 0.27437693843583943 0.10767081637205785
27 0.95625 0.04609375 0.0875 0.0921875
27 0.690625 0.028125 0.16875 0.05625
27 0.7130931547415857 0.2555284622336148 0.1986896322794233 0.11303334577069997
23 0.2625 0.71640625 0.39375 0.5671875
23 0.8765625 0.91640625 0.246875 0.1671875
23 0.740625 0.75546875 0.51875 0.1921875
23 0.78046875 0.96875 0.4390625 0.0625
23 0.9265625 0.603125 0.146875 0.221875