23 0.56640625 0.38515625 0.0859375 0.2078125
23 0.3773609410862191 0.1668317316977964 0.22202040041956295 0.20690013019944375
23 0.13359375 0.396875 0.2671875 0.184375
23 0.17337310332863667 0.2574714775378375 0.34195623735195263 0.33600659068185357
23 0.4 0.4703125 0.3125 0.0375
25 0.8953125 0.328125 0.209375 0.225
25 0.8796875 0.44296875 0.240625 0.0921875
25 0.7109375 0.38671875 0.203125 0.1828125
25 0.43515625 0.9 0.2265625 0.2
25 0.28294012532396096 0.6746391780369517 0.15409919461070398 0.21141954201316154
25 0.103125 0.60546875 0.20625 0.2328125
25 0.0734375 0.83828125 0.146875 0.2796875
25 0.19375 0.93359375 0.21875 0.1328125
27 0.94921875 0.55859375 0.1015625 0.1390625
27 0.9625 0.71953125 0.075 0.2015625