23 0.22109375 0.403125 0.2765625 0.153125
23 0.078125 0.44140625 0.15625 0.0765625
23 0.284375 0.1109375 0.15 0.221875
23 0.13359375 0.1296875 0.2671875 0.259375
27 0.77421875 0.23984375 0.4515625 0.4796875
27 0.734375 0.07109375 0.53125 0.1421875
27 0.1796875 0.73984375 0.359375 0.5203125
27 0.58984375 0.53984375 0.1890625 0.1203125
27 0.890625 0.91796875 0.19375 0.1640625
27 0.7119947540579064 0.8503865207529276 0.19565904002227158 0.1844264455827247
27 0.7047351427036801 0.6959054819663185 0.23023403469127146 0.20522690366998245
27 0.5330686806969986 0.6287040542138317 0.1547795013526354 0.15828158602505676