25 0.078125 0.38359375 0.15625 0.0703125
25 0.040625 0.26953125 0.08125 0.2546875
25 0.0625 0.06953125 0.125 0.1390625
25 0.10713402069375152 0.22662966231162077 0.21401481029746475 0.24644440564770323
25 0.18125 0.3609375 0.215625 0.115625
25 0.15234375 0.053125 0.2140625 0.10625
25 0.315625 0.3359375 0.21875 0.165625
25 0.2324833602127602 0.1827014690546806 0.20436679451244916 0.2414841210079671
25 0.453125 0.31953125 0.20625 0.1984375
25 0.28203125 0.028125 0.1984375 0.05625
25 0.50546875 0.1109375 0.2171875 0.221875
25 0.3655996971009328 0.13821934633085392 0.2157593208208084 0.24961486975432584
25 0.5790237022214304 0.2941751442984251 0.19895125241907435 0.22884772868809905
27 0.84453125 0.209375 0.3109375 0.41875
26 0.28828125 0.709375 0.5609375 0.58125
27 0.9390625 0.5234375 0.121875 0.209375
27 0.8677816363093578 0.64083588097059 0.2570213576525113 0.2617344365265156
27 0.76796875 0.75 0.1578125 0.228125
27 0.75703125 0.96953125 0.1359375 0.0609375
27 0.7828125 0.48671875 0.1875 0.1359375