25 0.065625 0.36875 0.13125 0.36875
25 0.22265625 0.440625 0.3921875 0.2375
25 0.41015625 0.44296875 0.1390625 0.2328125
25 0.328125 0.19765625 0.303125 0.2765625
25 0.36328125 0.06640625 0.2328125 0.1328125
25 0.42109375 0.26328125 0.1171875 0.2203125
25 0.09921875 0.11796875 0.1984375 0.2359375
25 0.73984375 0.30703125 0.5203125 0.5046875
25 0.28518629499730996 0.8677926848424301 0.2257205378830701 0.1940084924005557
25 0.3298700003289762 0.708417031632048 0.2225955378830699 0.19393575721819456
25 0.11015625 0.5875 0.2203125 0.05625
25 0.0703125 0.6484375 0.140625 0.146875
26 0.73984375 0.91796875 0.5203125 0.1640625