25 0.28984375 0.2796875 0.5796875 0.559375
26 0.78984375 0.2796875 0.4203125 0.559375
27 0.4796875 0.7109375 0.2 0.26875
27 0.31953125 0.584375 0.1921875 0.05
27 0.15546875 0.61796875 0.2328125 0.1171875
27 0.12724673683325832 0.7416768055993174 0.22761404334173854 0.22709215421934567
27 0.3215545883504671 0.7996780405817836 0.19958463819098746 0.24688645697928902
27 0.23984375 0.91875 0.2515625 0.1625
27 0.55390625 0.89140625 0.0515625 0.2171875
27 0.4546875 0.9765625 0.175 0.046875
25 0.7442740954774688 0.9454775101429744 0.06782497091226496 0.08543866801906326
25 0.7839266557789709 0.9056025324641087 0.0519768303053814 0.06331820616851011
25 0.8524854660804729 0.8662321152558246 0.043016418486670815 0.04911933847375849
25 0.8164522422932702 0.8835463003210162 0.04665160151720889 0.055423885551659426
25 0.975 0.79375 0.05 0.0625
25 0.935441745168208 0.783425343745469 0.04821410151720862 0.055451159090609534
25 0.9008754265317563 0.7804815758885615 0.04119882697140156 0.045967064934808025
25 0.6041595363839147 0.8728194857932452 0.04483401000193972 0.052271612012708954
25 0.7017359091129507 0.9213308981302657 0.0482141015172088 0.055451159090609534
25 0.6359037439602601 0.8889763198027769 0.05277405575957417 0.053970479707460585
25 0.8604577206224008 0.7727548506453278 0.04145391848667046 0.04909206493480802
25 0.7947211503189591 0.7606854987788887 0.03989141848667073 0.04906479139585791