25 0.12734375 0.04140625 0.2265625 0.0828125
25 0.28359375 0.05 0.2484375 0.1
23 0.7109375 0.2078125 0.4625 0.321875
23 0.75703125 0.0328125 0.3234375 0.065625
23 0.23984375 0.69453125 0.4796875 0.5890625
23 0.2328125 0.5953125 0.465625 0.453125
27 0.7116983698953845 0.5521112096502161 0.21159172150010538 0.1822957050746652
27 0.7802207419763961 0.6498416039929144 0.24969978436678603 0.20752561480840354
27 0.7282029861384192 0.827652650166035 0.22376954313820868 0.1958167645588464
27 0.90390625 0.7234375 0.1921875 0.26875
27 0.95234375 0.84140625 0.0953125 0.2234375