25 0.25859375 0.05546875 0.3828125 0.1109375
25 0.21486191739940885 0.22922080609481377 0.3530917597120755 0.40528967337681615
25 0.075 0.2515625 0.15 0.3375
26 0.696875 0.19609375 0.315625 0.3921875
26 0.7453125 0.37421875 0.4125 0.2890625
27 0.2408816387707157 0.8396646733768162 0.2131052621279715 0.18199652936027144
27 0.3830370589243762 0.7842333807288153 0.21820735030926067 0.16800675469445317
27 0.2648128305952455 0.6710328520448616 0.25934253333979884 0.17472946936663475
27 0.14544081938535786 0.6102124360279987 0.2036666181871082 0.1428613040260897
27 0.32734375 0.5765625 0.1859375 0.115625
25 0.9140625 0.653125 0.171875 0.26875
25 0.81953125 0.853125 0.3609375 0.29375