25 0.4125 0.1671875 0.1125 0.2
25 0.21868554783649824 0.13269143974432582 0.2712543614806385 0.2285284636295394
25 0.20487760316072054 0.35060020558376764 0.29577474251227587 0.20851089457178879
25 0.1814647487512045 0.5321344288485627 0.2231085927618331 0.2282663836760257
25 0.36015625 0.50078125 0.2171875 0.2046875
25 0.40703125 0.33203125 0.1234375 0.2171875
27 0.82421875 0.10703125 0.3515625 0.2140625
27 0.90078125 0.284375 0.1984375 0.334375
27 0.8703125 0.5703125 0.259375 0.21875
27 0.6875 0.34921875 0.4375 0.3828125
25 0.234375 0.82734375 0.46875 0.2953125
26 0.80390625 0.83984375 0.3921875 0.3203125