25 0.2609375 0.2265625 0.290625 0.284375
25 0.11171875 0.26953125 0.2234375 0.1984375
25 0.14453125 0.07890625 0.2890625 0.1578125
25 0.053125 0.12109375 0.10625 0.2421875
26 0.703125 0.15546875 0.328125 0.3109375
26 0.62109375 0.184375 0.2640625 0.36875
26 0.55546875 0.184375 0.1328125 0.36875
26 0.32109375 0.6765625 0.3359375 0.615625
26 0.1734375 0.684375 0.346875 0.63125
26 0.3234375 0.62265625 0.33125 0.5078125
26 0.0828125 0.71484375 0.165625 0.5703125
25 0.6796875 0.546875 0.38125 0.328125
25 0.5984375 0.91171875 0.21875 0.1765625
25 0.853125 0.934375 0.29375 0.13125