25 0.18125 0.5546875 0.33125 0.109375
25 0.45703125 0.55234375 0.2859375 0.1140625
25 0.1140625 0.39453125 0.228125 0.2296875
25 0.3531320068356911 0.4203418546006274 0.28418514422102226 0.23758285499341092
25 0.5234375 0.409375 0.153125 0.24375
25 0.1296875 0.22890625 0.259375 0.2328125
25 0.115625 0.07421875 0.23125 0.1484375
25 0.3328125 0.0890625 0.296875 0.178125
25 0.3549541029503073 0.24144014978016717 0.3122283309893058 0.22368398145684393
25 0.51953125 0.22109375 0.1609375 0.2171875
26 0.8 0.41953125 0.4 0.3796875
23 0.5203125 0.70625 0.159375 0.19375
25 0.8 0.8046875 0.4 0.390625