25 0.11171875 0.02734375 0.2234375 0.0546875
25 0.271875 0.08203125 0.15625 0.1640625
25 0.18381738632162303 0.2842880811573444 0.19775410622842174 0.19485724416202324
25 0.17548097760369039 0.11287820177163317 0.19967180373891083 0.19969978436678595
25 0.26484375 0.38359375 0.1703125 0.1984375
25 0.27109375 0.1984375 0.1578125 0.19375
25 0.8265625 0.11796875 0.346875 0.2359375
25 0.7771502213799131 0.3040980500979134 0.3724725315430938 0.35176146566212835
25 0.69453125 0.50234375 0.4109375 0.2546875
25 0.88125 0.56328125 0.2375 0.1328125
26 0.6890625 0.81484375 0.621875 0.3703125