25 0.22329021526575668 0.05781406264254141 0.088293572795242 0.0926511083130606
25 0.28275915910934063 0.06752995110802704 0.06735558818628214 0.06910452400410509
25 0.3642069465469514 0.061757194959706926 0.05339693178030895 0.05340680113146803
25 0.3233841591093407 0.06776630044409711 0.060376259983295454 0.06125566256778665
25 0.1638867275368277 0.19098965612487895 0.05695952870210093 0.05811248184962743
25 0.20691608756188434 0.09988338797450638 0.061938759983295455 0.06126475292686635
25 0.17744859754517991 0.160616354895215 0.0652096256238928 0.0628454336450254
25 0.3875 0.175 0.04375 0.053125
25 0.790625 0.14375 0.41875 0.2875
25 0.65234375 0.2828125 0.4859375 0.565625
25 0.8328125 0.4484375 0.334375 0.303125
26 0.253125 0.8 0.3125 0.4
26 0.2 0.85859375 0.4 0.2828125
26 0.08125 0.803125 0.1625 0.39375
23 0.7875 0.746875 0.425 0.29375
23 0.57109375 0.8 0.3234375 0.4