25 0.309375 0.234375 0.61875 0.46875
26 0.809375 0.3609375 0.38125 0.215625
26 0.865625 0.31484375 0.26875 0.3078125
25 0.48671875 0.86953125 0.2640625 0.2609375
25 0.3390625 0.85390625 0.35 0.2921875
25 0.08359375 0.578125 0.1671875 0.21875
25 0.071875 0.7984375 0.14375 0.38125
25 0.1609375 0.8421875 0.321875 0.315625
27 0.68984375 0.51953125 0.1421875 0.1015625
27 0.7309061393505456 0.6492319232004412 0.2208785861063028 0.1865544710040611
27 0.67890625 0.88828125 0.1203125 0.1984375
27 0.775 0.9328125 0.196875 0.134375
27 0.74921875 0.978125 0.1953125 0.04375