25 0.02578125 0.46015625 0.0515625 0.1734375
25 0.0875 0.33359375 0.175 0.1734375
25 0.05859375 0.06796875 0.1171875 0.1359375
25 0.15234375 0.053125 0.1421875 0.10625
25 0.86328125 0.08984375 0.2734375 0.1796875
25 0.93515625 0.29375 0.1296875 0.334375
25 0.7442652795637938 0.29571778140442595 0.4362552120097785 0.4362552120097785
25 0.28671875 0.66484375 0.2421875 0.1921875
25 0.43125 0.66796875 0.15625 0.1984375
25 0.38515625 0.86328125 0.2484375 0.2734375
25 0.475 0.88671875 0.06875 0.2265625
25 0.56484375 0.7234375 0.1109375 0.309375
25 0.6264663669330244 0.7924267598353216 0.22759715644779757 0.2979701462096521