25 0.1328125 0.084375 0.265625 0.16875
25 0.4125 0.12265625 0.353125 0.2453125
25 0.1125 0.25 0.225 0.33125
25 0.375692331984232 0.34109599244450417 0.35954218993316045 0.3154041584457946
25 0.0859375 0.44609375 0.171875 0.2265625
25 0.32734375 0.49296875 0.3453125 0.1328125
23 0.671875 0.27109375 0.165625 0.2703125
23 0.8 0.49765625 0.4 0.1234375
23 0.85390625 0.3609375 0.2921875 0.325
23 0.8375 0.13671875 0.325 0.2734375
25 0.4828125 0.6203125 0.2125 0.121875
25 0.46015625 0.90078125 0.2578125 0.1984375
25 0.05078125 0.63828125 0.1015625 0.1578125
25 0.12449052192068785 0.7977990180034628 0.1700239480508353 0.1800721143334801
25 0.24296875 0.9375 0.1953125 0.125
27 0.70078125 0.6046875 0.2234375 0.090625