25 0.3078125 0.05703125 0.303125 0.1140625
25 0.2296875 0.19296875 0.459375 0.2734375
25 0.659375 0.20859375 0.4 0.2421875
23 0.36328125 0.403125 0.1921875 0.146875
23 0.13828125 0.396875 0.2765625 0.134375
23 0.24423518968260466 0.727820305928752 0.2668290497712501 0.2744251415249675
23 0.08359375 0.521875 0.1671875 0.228125
23 0.40390625 0.73984375 0.1109375 0.2921875
23 0.3734375 0.921875 0.171875 0.15625
23 0.3015625 0.96640625 0.271875 0.0671875
26 0.62734375 0.51875 0.1984375 0.378125
26 0.5357128684442019 0.7321889415346657 0.14709973765090306 0.35666407242947357
26 0.50234375 0.40078125 0.0859375 0.1421875
26 0.84140625 0.4421875 0.2640625 0.225