25 0.0390625 0.07734375 0.078125 0.1546875
25 0.07578125 0.1765625 0.1515625 0.215625
25 0.428125 0.1921875 0.103125 0.234375
25 0.36617775935990754 0.13413932795965594 0.21417118968362506 0.22777405128112632
25 0.30859375 0.04921875 0.1546875 0.0984375
25 0.33742485170614867 0.2754920740307146 0.19369060149734274 0.15836907981717357
25 0.4125 0.0421875 0.134375 0.084375
26 0.72109375 0.28515625 0.4828125 0.5671875
25 0.14765625 0.83515625 0.2953125 0.3296875
27 0.63046875 0.875 0.3015625 0.25
27 0.8801709611068077 0.7418982082338956 0.14823223585674583 0.1546961162111037
27 0.7497652441766635 0.7223027998378935 0.12298252662212157 0.1675214478903042
27 0.8984375 0.6171875 0.196875 0.096875
27 0.73828125 0.9421875 0.3421875 0.115625