25 0.68828125 0.45 0.1828125 0.225
25 0.5784193380210836 0.5451467891435776 0.19469437056996633 0.1896737772394083
25 0.4015625 0.07890625 0.234375 0.1578125
25 0.4604758098464631 0.40368627279993274 0.17693386760421675 0.17440941015912906
25 0.5091520958925679 0.18351016661541691 0.24051620653952135 0.20534233590559853
25 0.6111204555881192 0.3152843265224446 0.24995487353571572 0.20756039976756888
25 0.3596388686299809 0.2805604932147361 0.15480419961943923 0.16662976114786474
25 0.2603007604173044 0.15598147427320103 0.15974636760421673 0.17320754307885017
25 0.1609375 0.06171875 0.153125 0.1234375
27 0.94921875 0.20546875 0.1015625 0.3171875
27 0.55078125 0.83984375 0.4578125 0.3203125
26 0.95703125 0.884375 0.0859375 0.23125