25 0.4203125 0.23515625 0.078125 0.3078125
25 0.21586574336471148 0.18216994496420708 0.1861539528054638 0.20853908404557533
26 0.6609375 0.46640625 0.203125 0.1453125
26 0.87890625 0.1171875 0.2421875 0.234375
26 0.8168415507382806 0.18926502424222064 0.21950667334809956 0.24317168927901225
26 0.59765625 0.11953125 0.2765625 0.2390625
26 0.57109375 0.265625 0.2234375 0.29375
26 0.6990718622739027 0.2604259346526249 0.1378771391103733 0.18393392619541976
26 0.3266086859911425 0.8298599321629633 0.08629605027685514 0.1077662683452644
27 0.65 0.6671875 0.38125 0.25625
27 0.82578125 0.71328125 0.3484375 0.3484375
27 0.56796875 0.83828125 0.2171875 0.3234375