25 0.44643958684561014 0.2921875 0.061946620941162676 0.0578125
25 0.48984375 0.36171875 0.0203125 0.0671875
25 0.4734375 0.3234375 0.053125 0.059375
25 0.3703125 0.0234375 0.06875 0.046875
25 0.38210653124629285 0.09765625 0.055560253246410875 0.05
25 0.37358491923358395 0.05703125 0.06189207386326192 0.0546875
25 0.40272081452447583 0.24921875 0.06986821509696384 0.0640625
25 0.3694037540538945 0.2203125 0.06348184740221222 0.05625
25 0.34628385389173866 0.19375 0.052407979707460584 0.0484375
25 0.3169003169601078 0.16640625 0.053970479707460585 0.0484375
25 0.26920711079159754 0.11953125 0.05550570616851012 0.046875
25 0.3812294184195098 0.40546875 0.05084547970746058 0.0484375
23 0.72890625 0.2296875 0.4578125 0.459375
23 0.88125 0.2296875 0.2375 0.459375
25 0.17421875 0.828125 0.3484375 0.34375
25 0.10234375 0.62734375 0.2046875 0.3359375
25 0.3765625 0.61171875 0.246875 0.3046875
25 0.75 0.7296875 0.5 0.540625