25 0.1578125 0.2453125 0.315625 0.1875
25 0.55390625 0.13515625 0.3296875 0.2703125
25 0.67421875 0.23828125 0.3734375 0.2015625
25 0.86953125 0.1765625 0.2609375 0.325
25 0.084375 0.50703125 0.16875 0.2359375
25 0.2578125 0.440625 0.20625 0.203125
25 0.31484375 0.6984375 0.1484375 0.2
25 0.2159428020885256 0.577483993684908 0.19533950124939983 0.20179482026407367
25 0.321875 0.54375 0.134375 0.20625
25 0.3421875 0.37890625 0.09375 0.0796875
25 0.0359375 0.42578125 0.071875 0.1734375
23 0.7407731682657023 0.5856998689909734 0.43180090996733256 0.39321806852064756
23 0.91953125 0.703125 0.1609375 0.396875
23 0.4359375 0.4390625 0.09375 0.2
23 0.7745015859067046 0.8336199591417603 0.34678544730999655 0.31593381564592526
23 0.528125 0.8828125 0.278125 0.234375
23 0.9421875 0.87265625 0.115625 0.2546875