25 0.2492168092246958 0.16390587717116975 0.1559328791939077 0.22941148027152777
25 0.37109375 0.0828125 0.1890625 0.165625
26 0.909375 0.246875 0.18125 0.26875
26 0.93671875 0.059375 0.1265625 0.11875
27 0.1896458456236369 0.5981489162831192 0.3532896682251274 0.33175904607165413
27 0.21015625 0.84453125 0.3453125 0.3109375
27 0.4625 0.5109375 0.290625 0.221875
27 0.49801337840834065 0.7973710160472078 0.2671339996072167 0.2857318348096943
27 0.71328125 0.8578125 0.2109375 0.284375
23 0.90078125 0.828125 0.1640625 0.34375
23 0.9640625 0.88046875 0.071875 0.2390625