25 0.08125 0.246875 0.1625 0.28125
25 0.05234375 0.06796875 0.1046875 0.1359375
25 0.21413486160378453 0.1963166379296851 0.24643024979950745 0.28543061203054415
25 0.165625 0.04375 0.240625 0.0875
25 0.38655523587883833 0.145915553906777 0.2442757539486923 0.2775999306969986
25 0.5328125 0.1203125 0.19375 0.240625
23 0.81484375 0.440625 0.3703125 0.178125
23 0.81484375 0.34296875 0.3703125 0.3734375
25 0.12890625 0.784375 0.2578125 0.43125
25 0.3125 0.76484375 0.50625 0.4703125
23 0.89296875 0.6890625 0.2140625 0.31875