25 0.18984375 0.29921875 0.3796875 0.3015625
25 0.3140625 0.23828125 0.13125 0.4234375
23 0.45859375 0.31015625 0.1578125 0.2796875
23 0.71328125 0.2765625 0.3421875 0.346875
23 0.48125 0.13671875 0.203125 0.2734375
23 0.8028575876596843 0.16273898217708255 0.18786601298564348 0.2139711020792369
23 0.18984375 0.65625 0.3796875 0.4125
27 0.4703125 0.65 0.18125 0.375
27 0.6702765073003054 0.7790077966899409 0.3297376874975285 0.3854461282237459
27 0.62578125 0.54921875 0.3015625 0.1984375
27 0.8515625 0.56953125 0.296875 0.2390625
27 0.88359375 0.7890625 0.2328125 0.340625