25 0.2046875 0.52109375 0.1328125 0.20078125
25 0.2046875 0.3125 0.14296875 0.2125
25 0.20859375 0.1015625 0.1390625 0.203125
25 0.3515625 0.09921875 0.13671875 0.1984375
25 0.3515625 0.315625 0.13671875 0.20625
25 0.34296875 0.525 0.1375 0.20859375
25 0.49375 0.1046875 0.13515625 0.209375
25 0.490625 0.521875 0.13984375 0.20546875
25 0.48828125 0.31484375 0.12890625 0.2046875
25 0.77421875 0.109375 0.1265625 0.19765625
25 0.6359375 0.5296875 0.1328125 0.20078125
25 0.6328125 0.10546875 0.1265625 0.2015625
25 0.78359375 0.31953125 0.13828125 0.215625
25 0.6328125 0.315625 0.13671875 0.209375
25 0.7734375 0.5265625 0.12734375 0.18984375