25 0.0359375 0.2671875 0.071875 0.35
25 0.1265625 0.09453125 0.253125 0.1890625
25 0.08671875 0.4546875 0.1734375 0.290625
25 0.190625 0.2234375 0.278125 0.309375
25 0.2703125 0.09296875 0.11875 0.1859375
25 0.19765625 0.4859375 0.2640625 0.228125
25 0.2640625 0.3171875 0.13125 0.33125
23 0.5109375 0.39296875 0.3625 0.4140625
23 0.83984375 0.190625 0.3203125 0.38125
23 0.5375 0.184375 0.415625 0.36875
23 0.79375 0.41328125 0.4125 0.3734375
25 0.0671875 0.85625 0.134375 0.2625
25 0.07890625 0.68515625 0.1578125 0.1703125
25 0.2421875 0.74375 0.175 0.228125
26 0.52265625 0.8 0.3859375 0.4
26 0.76640625 0.8 0.4671875 0.4