25 0.375 0.04453125 0.109375 0.0890625
25 0.25 0.046875 0.153125 0.09375
25 0.36640625 0.15546875 0.1265625 0.1609375
25 0.23366243328925793 0.163968297831945 0.16254866689245615 0.16353340263916644
25 0.3625 0.30234375 0.134375 0.1578125
25 0.22522473428462614 0.31013039835032463 0.15481805404758592 0.16441239745537004
25 0.3546875 0.446875 0.15 0.165625
25 0.21288078527999432 0.45663425146060244 0.14980300542706687 0.15775229434509228
23 0.71484375 0.2796875 0.5703125 0.559375
23 0.13671875 0.66875 0.2734375 0.21875
23 0.33359375 0.65859375 0.1921875 0.1984375
23 0.296875 0.8015625 0.265625 0.178125
23 0.1744280376548435 0.9129752684725936 0.2755466338757694 0.1532000783225918
26 0.6546875 0.6890625 0.45 0.259375