25 0.45277037388510466 0.2385520199970843 0.22364373491922684 0.25583288524403186
25 0.34375 0.35078125 0.14375 0.0984375
25 0.79453125 0.2 0.4109375 0.4
25 0.93671875 0.2 0.1265625 0.4
23 0.16484375 0.5234375 0.3296875 0.246875
23 0.3765625 0.87109375 0.35 0.2578125
23 0.48515625 0.71171875 0.2078125 0.4078125
23 0.2015625 0.9203125 0.253125 0.159375
23 0.0734375 0.77578125 0.146875 0.3765625
23 0.37421875 0.4265625 0.3015625 0.053125
23 0.33830438748942343 0.6772599959929793 0.21812095403456305 0.3370010720123154
26 0.6796875 0.96328125 0.18125 0.0734375
26 0.7890625 0.91484375 0.128125 0.1703125
26 0.91328125 0.48203125 0.1609375 0.1640625
26 0.8196506542198755 0.5597356318261862 0.1868053544051876 0.23219539734428024
26 0.7730031202090786 0.6804839481811608 0.1454436992587511 0.21009313836728988
26 0.89921875 0.83515625 0.2015625 0.3296875