25 0.096875 0.03125 0.184375 0.0625
25 0.4421875 0.09140625 0.053125 0.1453125
25 0.8265625 0.16875 0.31875 0.08125
25 0.68828125 0.0390625 0.4046875 0.078125
25 0.6109375 0.11484375 0.284375 0.1890625
23 0.16328125 0.60234375 0.3265625 0.3484375
23 0.3421875 0.85390625 0.253125 0.2921875
23 0.15859375 0.95078125 0.3171875 0.0984375
27 0.63203125 0.9390625 0.1984375 0.121875
27 0.50234375 0.496875 0.0671875 0.203125
27 0.49375 0.67734375 0.05 0.1828125
27 0.5296875 0.85546875 0.121875 0.2171875
27 0.6952196517429092 0.7368277679217412 0.23071881275401332 0.18167274715740261
27 0.8990716700602748 0.6899281940465739 0.18598616689245623 0.16037459983059071
27 0.7642307598380811 0.43679694681858416 0.21780937697836436 0.17313220506402782
27 0.5421875 0.28046875 0.146875 0.1421875