25 0.1109375 0.10625 0.221875 0.2125
25 0.37421875 0.14453125 0.0703125 0.2890625
25 0.16875 0.5125 0.16875 0.053125
25 0.3265625 0.4640625 0.165625 0.15
26 0.7359375 0.12890625 0.225 0.2578125
26 0.5550968167641094 0.19833813714681567 0.22152629326094733 0.27898079544054105
26 0.6359375 0.37734375 0.25625 0.3234375
26 0.60859375 0.05 0.1828125 0.1
23 0.2046875 0.85390625 0.409375 0.2921875
23 0.2734375 0.6328125 0.271875 0.1875
23 0.13515625 0.6515625 0.2703125 0.225
23 0.69765625 0.92578125 0.4421875 0.1484375
23 0.48984375 0.76328125 0.1609375 0.2984375
23 0.6598623032452526 0.7857350838321121 0.3153381148084035 0.2535090439906484
23 0.89296875 0.690625 0.2140625 0.28125