25 0.11328125 0.50546875 0.2265625 0.1484375
25 0.06328125 0.4234375 0.1265625 0.1875
25 0.19884615699955913 0.3670715058263692 0.24297560072916155 0.2284567418957307
25 0.0875 0.30234375 0.175 0.1671875
26 0.78515625 0.28828125 0.4296875 0.5765625
26 0.6625 0.2578125 0.30625 0.515625
26 0.30546875 0.62109375 0.4078125 0.0828125
26 0.56640625 0.80546875 0.1140625 0.3890625
26 0.653125 0.74609375 0.2875 0.3328125
26 0.93671875 0.753125 0.1265625 0.346875
26 0.81328125 0.66328125 0.3734375 0.1671875
26 0.8921875 0.88671875 0.215625 0.2265625