25 0.41484375 0.4125 0.1078125 0.234375
25 0.31796875 0.15234375 0.3015625 0.3046875
25 0.12890625 0.0875 0.2578125 0.175
25 0.08046875 0.29921875 0.1609375 0.2765625
25 0.06171875 0.44765625 0.1234375 0.1640625
25 0.29075061168832617 0.3836064579090042 0.28016495849442935 0.2577056013685439
27 0.80703125 0.49375 0.2796875 0.071875
27 0.7449441619878887 0.34756896057450426 0.3166443345574452 0.3221317280394526
27 0.609375 0.4125 0.28125 0.234375
27 0.5953125 0.14296875 0.253125 0.2859375
27 0.940625 0.2359375 0.11875 0.2
27 0.8734375 0.0578125 0.175 0.115625
27 0.7296875 0.02734375 0.165625 0.0546875
26 0.234375 0.76484375 0.46875 0.4703125
23 0.55390625 0.5671875 0.1703125 0.075
23 0.7343899439505618 0.6690445185789586 0.1877865266718392 0.13955449069063536
23 0.5735482966757184 0.6146126519335031 0.10896015394280312 0.0918067866804538
23 0.69453125 0.5640625 0.1421875 0.06875
23 0.73046875 0.58984375 0.1734375 0.1203125
23 0.5924414310736841 0.7215257232654577 0.08019742515463033 0.08366702267663602