27 0.5109375 0.11640625 0.284375 0.2328125
27 0.78046875 0.16640625 0.4390625 0.3328125
27 0.53046875 0.26328125 0.3234375 0.3734375
27 0.77265625 0.32265625 0.3703125 0.2546875
26 0.1671875 0.6265625 0.334375 0.353125
26 0.2125 0.7796875 0.3125 0.409375
26 0.76953125 0.5953125 0.4609375 0.290625
26 0.6015625 0.8796875 0.465625 0.240625
26 0.42265625 0.6390625 0.1078125 0.1125
26 0.671875 0.4875 0.23125 0.075
26 0.809375 0.62265625 0.38125 0.3453125
26 0.7078125 0.71484375 0.584375 0.4671875
26 0.65703125 0.86171875 0.5140625 0.2765625