25 0.16484375 0.26015625 0.3296875 0.4578125
25 0.34453125 0.24453125 0.4484375 0.4890625
25 0.68671875 0.32265625 0.2359375 0.3328125
25 0.7792430428844899 0.2530884968996281 0.29589471771944387 0.34056945781510156
25 0.90078125 0.4203125 0.1984375 0.1375
25 0.88515625 0.1765625 0.2296875 0.34375
25 0.95078125 0.13515625 0.0984375 0.2703125
25 0.41953125 0.5609375 0.2984375 0.14375
23 0.7328125 0.6375 0.328125 0.296875
23 0.87109375 0.5578125 0.2578125 0.1375
23 0.8578125 0.72265625 0.284375 0.3140625
23 0.7921875 0.9203125 0.365625 0.159375