25 0.19609375 0.0453125 0.1453125 0.090625
25 0.20703125 0.203125 0.1234375 0.234375
26 0.68515625 0.34140625 0.5203125 0.2765625
26 0.5484375 0.04140625 0.55625 0.0828125
26 0.41953125 0.2515625 0.3015625 0.3875
26 0.134375 0.7109375 0.26875 0.26875
26 0.134375 0.5828125 0.26875 0.20625
26 0.9671875 0.67265625 0.065625 0.3546875
26 0.828125 0.94140625 0.34375 0.1171875
26 0.7199197626029192 0.8321423305345915 0.4650412929530062 0.28045086859288837
26 0.6296875 0.565625 0.38125 0.171875
26 0.34765625 0.65546875 0.1578125 0.1890625
26 0.39296875 0.77578125 0.2484375 0.2203125