25 0.40339713935155536 0.3020557387001975 0.24879589891824913 0.21806527346576185
25 0.32734375 0.0484375 0.2765625 0.096875
25 0.13046875 0.40078125 0.2578125 0.1578125
25 0.0515625 0.0890625 0.103125 0.178125
25 0.115625 0.2484375 0.23125 0.19375
25 0.78828125 0.42890625 0.3578125 0.1015625
25 0.7926931836524924 0.26640041780880186 0.3424840773707928 0.25615607864272905
26 0.22578125 0.64609375 0.4515625 0.2609375
26 0.0859375 0.87109375 0.171875 0.2578125
23 0.83125 0.9203125 0.3375 0.159375
23 0.66796875 0.75703125 0.1359375 0.3484375
23 0.74609375 0.62890625 0.2921875 0.2703125
23 0.8578125 0.81171875 0.284375 0.1765625