25 0.4640625 0.5515625 0.146875 0.15625
25 0.3282096357224574 0.5033744535503131 0.15273986975432585 0.20498105357097246
25 0.0265625 0.52890625 0.053125 0.1484375
25 0.1920424666804122 0.4274996717308338 0.15292172618081673 0.21123105357097227
25 0.06328125 0.35703125 0.1265625 0.2203125
25 0.115625 0.5828125 0.1375 0.09375
25 0.25 0.61640625 0.14375 0.0265625
27 0.915625 0.14453125 0.16875 0.2890625
27 0.7230688093168494 0.1672284400638544 0.2375360700708951 0.3287471683123613
23 0.45859375 0.7359375 0.2015625 0.2125
23 0.21015625 0.81484375 0.2546875 0.3703125
27 0.68203125 0.68984375 0.1515625 0.1203125
27 0.89375 0.65546875 0.2125 0.0515625
27 0.921875 0.81484375 0.15625 0.3703125
27 0.74375 0.8640625 0.240625 0.271875