25 0.1296875 0.25 0.259375 0.5
25 0.5765625 0.45703125 0.29375 0.0859375
25 0.3453125 0.3671875 0.171875 0.265625
25 0.290625 0.159375 0.0625 0.26875
25 0.4657305808914477 0.17763547345450553 0.2834275801000249 0.25689415311885533
25 0.6907713479802066 0.35682975644749193 0.29040500580598766 0.28236774979950746
25 0.8343669206248909 0.20167142761297924 0.307274257059629 0.2727326406713006
25 0.91953125 0.10390625 0.1609375 0.2078125
25 0.75390625 0.0578125 0.2984375 0.115625
25 0.56875 0.09765625 0.303125 0.1953125
26 0.10234375 0.83125 0.2046875 0.3375
23 0.79140625 0.725 0.4171875 0.45
23 0.6984375 0.84375 0.603125 0.3125