25 0.1631826041066799 0.37433503958779396 0.21752506631598417 0.1576092261808167
25 0.24453125 0.471875 0.0703125 0.140625
25 0.05390625 0.4796875 0.1078125 0.140625
25 0.15 0.5234375 0.2 0.053125
26 0.57890625 0.390625 0.2765625 0.31875
26 0.725 0.18828125 0.24375 0.3765625
26 0.82734375 0.421875 0.3453125 0.25625
25 0.1644645018549266 0.671752226510021 0.1671035641565158 0.1982509465556454
25 0.0390625 0.59609375 0.078125 0.0921875
25 0.03828125 0.70078125 0.0765625 0.1640625
25 0.23828125 0.61640625 0.0828125 0.1328125
23 0.89453125 0.6125 0.2109375 0.125
23 0.37578125 0.7328125 0.1921875 0.365625
23 0.575 0.775 0.590625 0.45