25 0.39921875 0.33125 0.1015625 0.28125
25 0.37265625 0.08359375 0.1546875 0.1671875
25 0.31005966501553994 0.2578125 0.2539427531003719 0.2859375
25 0.26640625 0.0484375 0.2578125 0.096875
25 0.1511791246926683 0.196875 0.25714052770747775 0.2875
25 0.0609375 0.13359375 0.121875 0.2671875
27 0.78046875 0.44609375 0.3765625 0.2859375
27 0.903125 0.528125 0.19375 0.121875
27 0.89765625 0.346875 0.2046875 0.34375
27 0.7859375 0.16875 0.390625 0.3375
27 0.5953125 0.37734375 0.290625 0.4234375
27 0.59609375 0.08046875 0.2921875 0.1609375
27 0.48984375 0.13515625 0.0796875 0.2703125
25 0.1984375 0.65234375 0.396875 0.1265625
23 0.92109375 0.86171875 0.1578125 0.2765625
23 0.53125 0.78359375 0.1625 0.3890625
23 0.7078125 0.8046875 0.40625 0.390625
23 0.875 0.70078125 0.25 0.2234375
23 0.721875 0.63125 0.30625 0.084375