25 0.2047283593383673 0.2399004768680868 0.3665478493887446 0.2920740462638264
25 0.41015625 0.05546875 0.1578125 0.1109375
25 0.1359375 0.0703125 0.253125 0.140625
23 0.74453125 0.12578125 0.5109375 0.2515625
23 0.75 0.3109375 0.5 0.421875
25 0.45546875 0.84375 0.0671875 0.209375
25 0.0765625 0.96875 0.153125 0.0625
25 0.059375 0.63359375 0.11875 0.1828125
25 0.7640625 0.93828125 0.303125 0.1234375
25 0.925 0.88984375 0.15 0.2203125
25 0.6938307236535757 0.8382992463498473 0.29377873473485216 0.24397173701106115
25 0.8921875 0.73671875 0.215625 0.2421875
25 0.63125 0.6703125 0.284375 0.25
25 0.85625 0.61796875 0.2875 0.1578125