25 0.8671875 0.49453125 0.18671875 0.30234375
25 0.8484375 0.82890625 0.23203125 0.3296875
25 0.45703125 0.8359375 0.2515625 0.31953125
25 0.21953125 0.60234375 0.20390625 0.31640625
25 0.1203125 0.33984375 0.16875 0.26640625
25 0.43828125 0.3984375 0.17890625 0.26015625
25 0.58984375 0.3 0.14765625 0.21171875
25 0.7203125 0.19453125 0.146875 0.21640625
25 0.85078125 0.1046875 0.13671875 0.18359375
25 0.3109375 0.28125 0.1421875 0.21015625
25 0.184375 0.16015625 0.15546875 0.20078125
25 0.35 0.08359375 0.103125 0.1671875
25 0.64296875 0.61953125 0.18828125 0.196875