25 0.12890625 0.08046875 0.2578125 0.1609375
26 0.54765625 0.22265625 0.1359375 0.4015625
26 0.778125 0.21484375 0.44375 0.4296875
26 0.6609375 0.3578125 0.3625 0.14375
23 0.23984375 0.71484375 0.4796875 0.5703125
25 0.7893094471095038 0.7070223542007102 0.175549064736573 0.26927406405973214
25 0.92578125 0.90078125 0.1484375 0.1984375
25 0.91484375 0.69375 0.1703125 0.271875
25 0.9765625 0.75703125 0.046875 0.2484375
25 0.95078125 0.54765625 0.0984375 0.2359375
25 0.82265625 0.51875 0.1890625 0.178125