25 0.06328125 0.38125 0.1265625 0.096875
25 0.4203125 0.30390625 0.159375 0.2484375
25 0.3276327332708327 0.17181753053029594 0.22613043892574042 0.22026599163225705
25 0.20586433148013805 0.2511885272509356 0.20359105758740698 0.24708079715018094
25 0.31201587813430465 0.31626024932263147 0.1693145109332404 0.1752943283578455
26 0.79765625 0.14609375 0.4046875 0.2921875
26 0.85390625 0.26484375 0.2921875 0.3296875
26 0.25 0.71484375 0.5 0.5703125
23 0.73125 0.83984375 0.459375 0.3203125
23 0.56171875 0.60078125 0.1234375 0.3421875
23 0.6998268193691191 0.6428083819552055 0.3411101814328698 0.29006059249133964
23 0.90625 0.58046875 0.1875 0.3015625