25 0.10078125 0.13515625 0.2015625 0.2703125
25 0.16953125 0.3359375 0.3390625 0.265625
23 0.66953125 0.03515625 0.2328125 0.0703125
23 0.809375 0.30625 0.35 0.325
23 0.6640625 0.17890625 0.375 0.3578125
23 0.95390625 0.125 0.0921875 0.25
25 0.1546875 0.50390625 0.1875 0.0703125
25 0.17860631710139413 0.8125 0.2526489415410804 0.1984375
25 0.10234375 0.91484375 0.2046875 0.1703125
25 0.2421875 0.95 0.18125 0.1
25 0.02421875 0.77890625 0.0484375 0.1734375
23 0.94140625 0.54921875 0.1171875 0.1609375
23 0.75 0.50625 0.46875 0.075
23 0.53359375 0.9 0.3671875 0.2
23 0.6284889936652869 0.70546875 0.4448772086298394 0.3609375
23 0.86015625 0.6921875 0.2796875 0.278125
23 0.8578125 0.884375 0.284375 0.23125