25 0.4421875 0.60234375 0.05078125 0.07734375
25 0.7671875 0.5 0.040625 0.046875
25 0.97109375 0.56640625 0.05234375 0.06484375
25 0.9140625 0.54765625 0.04921875 0.05625
25 0.8609375 0.52734375 0.0484375 0.05390625
25 0.809375 0.5125 0.04375 0.04453125
25 0.490625 0.56796875 0.0390625 0.0578125
25 0.5671875 0.5375 0.0328125 0.04453125
25 0.52734375 0.55 0.0359375 0.04921875
25 0.709375 0.4828125 0.04375 0.0546875
25 0.66796875 0.4671875 0.03828125 0.05078125
25 0.634375 0.459375 0.0328125 0.03984375
25 0.31875 0.5140625 0.03515625 0.04765625
25 0.40546875 0.5734375 0.0375 0.05078125
25 0.346875 0.53359375 0.0421875 0.0484375
25 0.59609375 0.446875 0.03125 0.04296875
25 0.5328125 0.42734375 0.0296875 0.0453125
25 0.8359375 0.3875 0.03359375 0.0390625