25 0.2359375 0.6109375 0.26875 0.215625
25 0.1078125 0.12734375 0.215625 0.2171875
25 0.32383286077859186 0.24066238231825507 0.17625761452679142 0.17049305247554408
25 0.1303070811095978 0.2900462742422206 0.14287642946385687 0.1405479472421071
25 0.7625 0.5765625 0.425 0.284375
25 0.71171875 0.271875 0.3859375 0.459375
23 0.3578125 0.859375 0.321875 0.28125
23 0.16953125 0.846875 0.2890625 0.25625
23 0.87578125 0.934375 0.2265625 0.13125
23 0.7754303269604129 0.887316845415965 0.2499319128671175 0.17789529977412108
23 0.63125 0.9484375 0.225 0.103125
23 0.63203125 0.8234375 0.2265625 0.209375
23 0.62890625 0.75078125 0.2203125 0.0640625