25 0.02109375 0.38515625 0.0421875 0.2421875
25 0.0640625 0.14140625 0.128125 0.2484375
25 0.08984375 0.34296875 0.1796875 0.2515625
25 0.22359824338046225 0.2925349208289362 0.1968536910658786 0.25064242337435144
25 0.1609375 0.109375 0.184375 0.21875
25 0.36529343775610973 0.2526830259654642 0.1871148180303493 0.2420097171537959
25 0.4453125 0.06640625 0.196875 0.1328125
25 0.30078125 0.0875 0.1953125 0.175
25 0.48203125 0.20390625 0.1546875 0.2296875
27 0.9046875 0.14296875 0.190625 0.2859375
27 0.671875 0.2109375 0.225 0.303125
27 0.64609375 0.421875 0.1734375 0.215625
23 0.2796875 0.76484375 0.2875 0.4703125
23 0.12109375 0.965625 0.2046875 0.06875
25 0.92578125 0.5875 0.1484375 0.115625
25 0.84921875 0.58984375 0.1296875 0.1203125