25 0.47578125 0.2203125 0.1078125 0.403125
26 0.615625 0.3375 0.171875 0.184375
26 0.94609375 0.18984375 0.1078125 0.3234375
26 0.159375 0.71484375 0.31875 0.5703125
25 0.54921875 0.8640625 0.0390625 0.146875
25 0.6444564436039746 0.8543294253619702 0.14772040339440445 0.1512971976422727
25 0.646875 0.96171875 0.140625 0.0765625
25 0.7897916695016736 0.8445021447158918 0.14773858411256374 0.1544221976422727
25 0.79375 0.95625 0.15 0.0875
25 0.93125 0.83203125 0.1375 0.1515625
25 0.93125 0.95078125 0.1375 0.0984375