26 0.16484375 0.3546875 0.3265625 0.409375
26 0.096875 0.365625 0.19375 0.3875
26 0.45625 0.1921875 0.1875 0.384375
27 0.7171875 0.090625 0.153125 0.18125
27 0.8579578176205738 0.17723400810538886 0.1737415227450792 0.22505616359827502
27 0.8046875 0.0578125 0.19375 0.115625
27 0.92421875 0.0984375 0.1515625 0.196875
25 0.23203125 0.790625 0.4640625 0.41875
25 0.275 0.91875 0.55 0.1625
27 0.91328125 0.63046875 0.1703125 0.1421875
27 0.93828125 0.84609375 0.1234375 0.3078125
27 0.8703125 0.88671875 0.190625 0.2265625
27 0.6663054727068071 0.7249204726181377 0.17893844499482014 0.23648633970108293
27 0.646875 0.90390625 0.19375 0.1921875
27 0.621875 0.615625 0.14375 0.1125
27 0.575 0.6328125 0.05 0.146875