26 0.24921875 0.2171875 0.4734375 0.434375
26 0.421875 0.18046875 0.421875 0.3609375
27 0.8296875 0.2296875 0.340625 0.459375
27 0.925 0.29296875 0.15 0.3328125
23 0.19375 0.53359375 0.3875 0.1484375
23 0.15859375 0.81640625 0.3171875 0.3671875
23 0.4515625 0.63671875 0.415625 0.3546875
23 0.2453125 0.89375 0.475 0.2125
25 0.7893451759612322 0.7756402303021603 0.2079117368379742 0.24054786238870207
25 0.90546875 0.8328125 0.1890625 0.234375
25 0.95 0.9328125 0.1 0.134375
25 0.92109375 0.68984375 0.1578125 0.1640625
25 0.8359375 0.93984375 0.196875 0.1203125
25 0.725 0.903125 0.13125 0.165625