26 0.1296875 0.39140625 0.259375 0.4359375
23 0.58828125 0.0984375 0.3390625 0.196875
23 0.7065566105525557 0.31586407531936744 0.3786169211519937 0.39048968934786077
23 0.8703125 0.5125 0.259375 0.19375
23 0.91875 0.3375 0.1625 0.29375
23 0.1625 0.8046875 0.325 0.390625
26 0.71328125 0.659375 0.1453125 0.1
26 0.5538532704880637 0.786899568733572 0.1419612827847038 0.2436411184286616
26 0.8122015807929139 0.7703712226218332 0.11043857201231519 0.19366531433340342
26 0.4890625 0.715625 0.140625 0.2125
26 0.6056293939264347 0.828734645490748 0.12617265632127078 0.21396571638103268
26 0.6453125 0.63046875 0.1 0.0421875