26 0.10546875 0.32265625 0.2109375 0.3328125
26 0.3578125 0.32265625 0.24375 0.3015625
26 0.41015625 0.49609375 0.1390625 0.1859375
26 0.29921875 0.06171875 0.3046875 0.1234375
23 0.85703125 0.046875 0.2296875 0.09375
23 0.84140625 0.2765625 0.3171875 0.553125
23 0.8046875 0.42734375 0.328125 0.3234375
23 0.9265625 0.3328125 0.146875 0.5125
23 0.58828125 0.325 0.2171875 0.36875
26 0.34765625 0.6765625 0.2640625 0.175
26 0.25390625 0.79453125 0.4515625 0.4109375
23 0.82890625 0.9359375 0.3421875 0.128125
23 0.59453125 0.9328125 0.2296875 0.134375
23 0.53671875 0.84765625 0.1140625 0.2390625
23 0.9015625 0.68046875 0.196875 0.1828125
23 0.80390625 0.8390625 0.3921875 0.321875