26 0.1390625 0.409375 0.278125 0.2
26 0.1546875 0.40078125 0.309375 0.2171875
26 0.1953125 0.0703125 0.390625 0.140625
26 0.29609375 0.2109375 0.2671875 0.365625
25 0.915625 0.075 0.16875 0.15
25 0.8474996714819998 0.3649727140751272 0.2718590484405755 0.25111518728260196
25 0.8828125 0.1859375 0.234375 0.25625
25 0.8234375 0.47109375 0.290625 0.0765625
25 0.96953125 0.26953125 0.0609375 0.1828125
25 0.95625 0.415625 0.0875 0.1625
27 0.953125 0.9421875 0.09375 0.115625
27 0.8265625 0.95546875 0.215625 0.0890625