26 0.16484375 0.3171875 0.3296875 0.44375
25 0.4684754969970695 0.19924703015768258 0.18518671939110262 0.26633695174690003
25 0.6181717494685274 0.20145844883472677 0.16621654349765969 0.2209824297003294
25 0.5499443784042695 0.3746759388514313 0.20846771049385407 0.226483301996457
25 0.696414813194961 0.3020851449660862 0.14335204646340927 0.23285694509136973
25 0.5715752751716898 0.07476988269501521 0.14377385771838505 0.12860704201316162
23 0.16484375 0.76953125 0.3296875 0.4609375
23 0.6171875 0.5828125 0.575 0.0875
23 0.8421875 0.6734375 0.315625 0.215625
23 0.75 0.88515625 0.5 0.2296875
23 0.6046875 0.8828125 0.55 0.234375