26 0.134375 0.09921875 0.26875 0.1984375
25 0.5871883947724041 0.23484582117798852 0.3595953653723619 0.3020160751323214
25 0.784375 0.1359375 0.41875 0.271875
25 0.48984375 0.06875 0.3265625 0.1375
25 0.84921875 0.04375 0.3015625 0.0875
25 0.9546875 0.21953125 0.090625 0.2671875
25 0.815625 0.290625 0.246875 0.196875
26 0.1375 0.90390625 0.2625 0.1921875
26 0.15390625 0.571875 0.2296875 0.365625
23 0.56640625 0.83515625 0.5953125 0.3296875
23 0.90859375 0.8109375 0.1828125 0.378125
23 0.8625 0.6546875 0.275 0.3375
23 0.6220777313812705 0.7363884165390838 0.484395370703362 0.28992193482787254