26 0.18125 0.19921875 0.3625 0.3203125
25 0.8359138348191234 0.09867465067368197 0.20768899136212662 0.18136632325581453
23 0.06171875 0.890625 0.1234375 0.21875
23 0.12890625 0.4609375 0.2578125 0.203125
23 0.35703125 0.56796875 0.2859375 0.4171875
23 0.390625 0.78203125 0.21875 0.4359375
23 0.20546875 0.8265625 0.3859375 0.346875
26 0.63125 0.4578125 0.2625 0.196875
26 0.6609375 0.528125 0.321875 0.3375
26 0.81015625 0.5921875 0.3796875 0.303125
26 0.928125 0.76875 0.14375 0.221875
26 0.94765625 0.834375 0.1046875 0.171875