26 0.209375 0.346875 0.41875 0.34375
26 0.27890625 0.090625 0.2796875 0.18125
23 0.82890625 0.10546875 0.3421875 0.2109375
23 0.91875 0.3921875 0.1625 0.253125
23 0.85390625 0.2984375 0.2921875 0.375
25 0.29296875 0.93046875 0.2515625 0.1390625
25 0.15703125 0.7953125 0.3140625 0.409375
25 0.05390625 0.85859375 0.1078125 0.2828125
27 0.6359375 0.88125 0.39375 0.2375
27 0.55390625 0.7109375 0.2703125 0.328125
27 0.88046875 0.87890625 0.2390625 0.2421875
27 0.803125 0.68984375 0.39375 0.3421875
27 0.58125 0.58984375 0.325 0.1421875
27 0.825 0.55625 0.35 0.075