26 0.49609375 0.37421875 0.0859375 0.3203125
26 0.38828125 0.275 0.3015625 0.55
23 0.67421875 0.42578125 0.2703125 0.4265625
23 0.90390625 0.50234375 0.1921875 0.2734375
23 0.8531218148439363 0.2391481473981334 0.2575539705941658 0.41039424936345303
23 0.63828125 0.0921875 0.1984375 0.184375
26 0.39921875 0.76953125 0.1796875 0.2609375
26 0.4767562215356033 0.8169320808004029 0.03994007775694399 0.11753294533736351
26 0.471875 0.69609375 0.071875 0.1140625
26 0.2780945461350015 0.8529406641072225 0.0685339694628702 0.10537839067472703
26 0.11010667228953856 0.886960033418178 0.12111074825657368 0.2246192866804538
26 0.1703125 0.6875 0.115625 0.096875
26 0.271875 0.7015625 0.14375 0.125
26 0.1078125 0.6765625 0.103125 0.075
26 0.17564348939606625 0.8619151274267685 0.08730309330833315 0.14149770401018139
23 0.76953125 0.77890625 0.4609375 0.2796875
23 0.76171875 0.925 0.4453125 0.15