26 0.28984375 0.2875 0.5796875 0.44375
23 0.7809376864144151 0.1642859312301391 0.39059857091919914 0.24448388392743087
23 0.796875 0.34609375 0.40625 0.2765625
27 0.296875 0.56796875 0.24375 0.1171875
27 0.4703125 0.66328125 0.21875 0.3078125
27 0.31078404241930435 0.7368389573500351 0.2748767873002317 0.3665017414506252
27 0.1109375 0.6953125 0.221875 0.371875
27 0.5375 0.8734375 0.084375 0.253125
27 0.440625 0.9296875 0.278125 0.140625
27 0.215625 0.91171875 0.334375 0.1765625
27 0.04140625 0.8328125 0.0828125 0.334375
26 0.7580609740596416 0.6822404166968407 0.2729217544001684 0.268246079406528