26 0.25859375 0.10546875 0.4359375 0.2109375
26 0.27470252716673577 0.19383263149776467 0.26959037385944457 0.2421092280826075
26 0.12734375 0.4640625 0.2546875 0.271875
26 0.35078125 0.37265625 0.3765625 0.3546875
26 0.48125 0.43671875 0.115625 0.3265625
23 0.8109375 0.23125 0.378125 0.4625
25 0.20523617382451328 0.8321996562545311 0.24400849240055572 0.216672851459402
25 0.075 0.909375 0.15 0.18125
25 0.03984375 0.80703125 0.0796875 0.2234375
25 0.14296875 0.7109375 0.2546875 0.221875
25 0.09921875 0.6484375 0.1984375 0.096875
27 0.70390625 0.6828125 0.3296875 0.165625
27 0.70703125 0.84609375 0.3359375 0.3078125
27 0.86640625 0.7296875 0.2671875 0.259375
27 0.9390625 0.9140625 0.121875 0.171875