26 0.33671875 0.1796875 0.6734375 0.359375
26 0.2203125 0.23984375 0.440625 0.4390625
26 0.71328125 0.10234375 0.1921875 0.2046875
26 0.9046875 0.234375 0.190625 0.45
27 0.3784104279121858 0.8268961213390831 0.3440249093729982 0.3279886301373711
27 0.328125 0.61171875 0.36875 0.3046875
27 0.134375 0.5046875 0.1625 0.090625
27 0.5785655165897763 0.7254886369697491 0.34893058537554345 0.3472313062401787
27 0.50859375 0.559375 0.4140625 0.2
27 0.68046875 0.49140625 0.2578125 0.0640625
26 0.89140625 0.8609375 0.1640625 0.278125
26 0.8640625 0.56171875 0.109375 0.1921875
26 0.9046875 0.725 0.190625 0.325