26 0.265625 0.63203125 0.228125 0.1734375
26 0.08515625 0.22265625 0.1703125 0.4453125
26 0.18308918555695186 0.4525693127006695 0.20303642675487552 0.3635080375661605
26 0.31015625 0.25546875 0.1390625 0.2703125
26 0.31328125 0.46953125 0.1328125 0.2609375
26 0.16877105137672324 0.10215547722540594 0.17081451659574648 0.19236786661563351
26 0.846875 0.31328125 0.30625 0.2046875
26 0.683723698042199 0.20039270597086767 0.2760483198140551 0.20444605536065774
26 0.55390625 0.37578125 0.3484375 0.2296875
26 0.8808118654907953 0.16180641395608278 0.1925038462971589 0.16832287155854936
26 0.20859375 0.92890625 0.3421875 0.1421875
26 0.80625 0.8578125 0.3875 0.278125