26 0.246875 0.21015625 0.40625 0.2984375
26 0.259375 0.0578125 0.38125 0.115625
25 0.6125 0.04140625 0.325 0.0828125
25 0.178125 0.39765625 0.225 0.0765625
25 0.3609375 0.40390625 0.178125 0.0890625
25 0.03125 0.478125 0.0625 0.159375
25 0.3484375 0.5140625 0.203125 0.1625
25 0.1578551178682428 0.49318418929027474 0.2241010876750565 0.15096470536281678
25 0.34375 0.659375 0.2125 0.15625
25 0.01875 0.6171875 0.0375 0.15
25 0.1171875 0.7875 0.234375 0.1625
25 0.1370973540145039 0.6370978212921837 0.22929800992479743 0.16195674936345306
25 0.3240600448754948 0.7973342452657758 0.20996581306795062 0.1492385733609078
26 0.725 0.70546875 0.55 0.5890625