26 0.175 0.33515625 0.35 0.4296875
26 0.25 0.075 0.5 0.15
26 0.39375 0.2625 0.2125 0.44375
25 0.8609375 0.44375 0.278125 0.2125
25 0.85625 0.2140625 0.2875 0.315625
23 0.3875 0.88828125 0.225 0.2234375
23 0.284375 0.64453125 0.43125 0.1890625
23 0.1875 0.84921875 0.375 0.3015625
26 0.7005325179424118 0.7764907162274295 0.3304522106938169 0.22294473516896432
26 0.81796875 0.9234375 0.2671875 0.153125
26 0.91875 0.8734375 0.1625 0.253125
26 0.6216433545910489 0.9038948143661735 0.18788290268936264 0.18018951659574647