26 0.4328125 0.06640625 0.153125 0.1328125
26 0.3993399072050335 0.1459552899835054 0.195368083916172 0.28376254922121247
26 0.13984375 0.478125 0.2796875 0.08125
26 0.23203125 0.44296875 0.2109375 0.1515625
26 0.44140625 0.39921875 0.1359375 0.2390625
26 0.35241386846840134 0.4219805808914477 0.13227721057599684 0.18038148495630518
23 0.7546875 0.259375 0.490625 0.51875
26 0.2546875 0.79609375 0.509375 0.4078125
26 0.26015625 0.665625 0.4984375 0.29375
25 0.80625 0.96875 0.078125 0.0625
25 0.7484375 0.9671875 0.059375 0.065625
25 0.6670490610904173 0.9709970909205776 0.04718407220870695 0.05448892319868044
25 0.7084780369881163 0.9682956397460785 0.05347043364502539 0.06092077962517095
25 0.52734375 0.96796875 0.0359375 0.0640625
25 0.546886552015231 0.941715104710631 0.05504202400410509 0.06252874373179403
25 0.574348476683266 0.9221982265765281 0.04560339149054773 0.05131845909205772
25 0.8872711783804682 0.8586347979010643 0.05032725292686635 0.05770485141192587
25 0.8297263230924699 0.9452566080093364 0.05504202400410492 0.06252874373179403
25 0.8683530067374953 0.8869954786215921 0.058167024004104916 0.0626196719450391
25 0.6049717627876194 0.8965222766556703 0.045621572208706954 0.05444345909205772
25 0.6559984524827691 0.8558123601209073 0.045621572208706954 0.05444345909205772