26 0.4125 0.159375 0.353125 0.31875
27 0.75703125 0.159375 0.3359375 0.31875
27 0.28125 0.42578125 0.509375 0.2140625
27 0.46640625 0.6046875 0.2453125 0.24375
27 0.3568531174092552 0.6870725071926429 0.19596733590559853 0.23804087226160817
27 0.19469696085642232 0.586536612761204 0.31273993664223276 0.14632003668480015
27 0.88125 0.77734375 0.2375 0.1546875
27 0.9328125 0.56484375 0.134375 0.2296875
27 0.78203125 0.46171875 0.3859375 0.2859375
27 0.7 0.6921875 0.221875 0.246875
27 0.78046875 0.91796875 0.3484375 0.1640625