26 0.2390625 0.1296875 0.440625 0.259375
26 0.7953125 0.1296875 0.409375 0.259375
26 0.521875 0.07890625 0.125 0.1578125
27 0.396875 0.70859375 0.125 0.2828125
27 0.18359375 0.2875 0.2453125 0.05625
27 0.078125 0.378125 0.15625 0.2375
27 0.11484375 0.64609375 0.2296875 0.3109375
27 0.3875 0.4328125 0.14375 0.29375
27 0.25700053908303494 0.6369199078694454 0.2526213523525394 0.26683335136685143
27 0.33203125 0.88515625 0.2390625 0.2296875
27 0.4265625 0.8578125 0.065625 0.284375
27 0.0421875 0.5828125 0.084375 0.3
27 0.10859375 0.890625 0.2171875 0.21875
27 0.15390625 0.959375 0.3046875 0.08125
27 0.3625 0.32109375 0.19375 0.1234375
27 0.6640625 0.72578125 0.409375 0.5484375
27 0.59140625 0.4953125 0.2640625 0.471875
27 0.76875 0.865625 0.4375 0.26875