26 0.4421875 0.23671875 0.2375 0.4734375
26 0.06640625 0.25 0.1328125 0.5
26 0.2453125 0.2703125 0.203125 0.459375
25 0.94765625 0.2828125 0.1046875 0.434375
25 0.76640625 0.25 0.3734375 0.5
26 0.20546875 0.9609375 0.2234375 0.078125
26 0.36953125 0.8 0.2359375 0.4
26 0.49296875 0.61953125 0.1734375 0.2390625
26 0.51953125 0.82578125 0.1203125 0.3484375
26 0.06953125 0.88671875 0.1390625 0.2265625
26 0.03515625 0.6375 0.0703125 0.275
23 0.853125 0.79453125 0.271875 0.4109375
23 0.6484375 0.75 0.1375 0.5