26 0.13359375 0.2390625 0.2671875 0.4
26 0.24296875 0.25703125 0.4078125 0.3640625
25 0.84453125 0.10546875 0.2609375 0.2109375
25 0.9046875 0.1984375 0.190625 0.196875
25 0.87578125 0.37265625 0.2078125 0.1328125
25 0.7778040278204859 0.29814352876349554 0.22223490496334897 0.20866811736154425
25 0.746875 0.0578125 0.240625 0.115625
25 0.9453125 0.4109375 0.109375 0.05625
27 0.28984375 0.72421875 0.3390625 0.5515625
27 0.2296875 0.58203125 0.459375 0.2859375
25 0.67265625 0.51484375 0.2671875 0.1515625
25 0.53203125 0.528125 0.1453125 0.178125