26 0.2359375 0.140625 0.365625 0.28125
26 0.06484375 0.37734375 0.1296875 0.1640625
26 0.0703125 0.228125 0.140625 0.203125
26 0.040625 0.1015625 0.08125 0.203125
26 0.34140625 0.35703125 0.1546875 0.2046875
26 0.16796875 0.37734375 0.2171875 0.1640625
25 0.7129513288378471 0.14421919525429455 0.20908797853284752 0.19025333703942993
25 0.70078125 0.04375 0.2203125 0.0875
25 0.5528314464290276 0.14172493344863374 0.1997857137152085 0.19332379488495222
25 0.261969403875972 0.6433213332288009 0.30821646276527803 0.22051352966144577
25 0.17890625 0.95859375 0.2515625 0.0828125
25 0.0859375 0.87265625 0.171875 0.2171875
25 0.12421875 0.759375 0.2484375 0.21875
25 0.2640625 0.88515625 0.284375 0.2296875
26 0.92421875 0.55234375 0.1515625 0.1859375
26 0.71328125 0.625 0.5734375 0.33125