26 0.13984375 0.184375 0.2796875 0.36875
26 0.46953125 0.184375 0.3796875 0.36875
26 0.86328125 0.0578125 0.2734375 0.115625
26 0.68515625 0.2453125 0.3140625 0.246875
26 0.8703125 0.175 0.259375 0.35
26 0.13125 0.53359375 0.2625 0.3296875
26 0.13984375 0.76171875 0.2796875 0.4140625
26 0.13984375 0.5890625 0.2796875 0.440625
26 0.9109375 0.73359375 0.178125 0.3578125
26 0.4046875 0.88125 0.25 0.2375
26 0.5421875 0.92890625 0.3375 0.1421875
26 0.77734375 0.871875 0.3421875 0.25625
26 0.75234375 0.58359375 0.4234375 0.4296875
26 0.49733636104651024 0.6609188870354059 0.4078844602067194 0.4534548099621496
26 0.44296875 0.4578125 0.3265625 0.178125