26 0.275 0.3046875 0.55 0.609375
25 0.75234375 0.1390625 0.4046875 0.278125
25 0.69453125 0.32578125 0.2890625 0.5671875
25 0.465625 0.66015625 0.16875 0.1015625
25 0.07578125 0.66796875 0.1515625 0.1171875
25 0.1807690223963096 0.7916201973425503 0.2904869805034753 0.2521320358335089
25 0.4234375 0.81015625 0.253125 0.2796875
25 0.403125 0.95 0.29375 0.1
25 0.15234375 0.91171875 0.3046875 0.1765625
25 0.63125 0.86328125 0.1625 0.2046875
25 0.571875 0.93359375 0.04375 0.1328125
25 0.575 0.7609375 0.05 0.203125
25 0.94921875 0.91640625 0.1015625 0.1671875