26 0.234375 0.29453125 0.46875 0.5890625
26 0.734375 0.4609375 0.53125 0.25625
26 0.5671875 0.17578125 0.196875 0.3515625
26 0.90625 0.2953125 0.1875 0.359375
26 0.89765625 0.1046875 0.2046875 0.209375
23 0.134006447247004 0.7547819070086417 0.22056922803945272 0.2918885599120668
23 0.2625 0.65859375 0.25625 0.1390625
23 0.25703125 0.85546875 0.2796875 0.2890625
23 0.396875 0.8328125 0.14375 0.28125
23 0.0765625 0.81015625 0.153125 0.2890625
25 0.69921875 0.86796875 0.2515625 0.2640625
25 0.63046875 0.71484375 0.2453125 0.2515625