26 0.2734375 0.1796875 0.546875 0.359375
25 0.784375 0.1796875 0.43125 0.359375
25 0.06171875 0.7875 0.1234375 0.275
25 0.0984375 0.534375 0.196875 0.26875
25 0.17583279843115385 0.8296875 0.23501055983757907 0.278125
25 0.2573783968253959 0.58125 0.2300226711886312 0.2734375
25 0.3421875 0.86796875 0.234375 0.2640625
25 0.4247067967331109 0.615625 0.2332478007382804 0.275
25 0.48125 0.8859375 0.175 0.228125
25 0.5203125 0.66015625 0.096875 0.2734375
25 0.66328125 0.6734375 0.1890625 0.25
25 0.7845068915836088 0.7515625 0.1726922301033597 0.2078125
25 0.8238161227667025 0.56484375 0.216542359653009 0.209375
25 0.9030356485234389 0.70625 0.15161826650055446 0.2203125
25 0.678218516352896 0.8375 0.14813471622369914 0.1171875