26 0.29140625 0.1203125 0.2765625 0.240625
26 0.36171875 0.3171875 0.1359375 0.1875
23 0.71484375 0.3203125 0.5703125 0.3375
25 0.05625 0.56953125 0.1125 0.1609375
25 0.121875 0.9015625 0.184375 0.196875
25 0.17271813854640722 0.6680089440642698 0.20226893713693722 0.25221812269254434
25 0.25078125 0.52890625 0.1953125 0.0796875
25 0.29609375 0.90625 0.1984375 0.1875
25 0.34296875 0.70546875 0.1734375 0.2859375
25 0.38671875 0.55390625 0.0859375 0.1296875
25 0.471875 0.6609375 0.084375 0.265625
25 0.5483516852794196 0.8518845047342243 0.20422954342324343 0.22725448535963508
25 0.756181301904808 0.8707179627625411 0.19983314185166687 0.23344994135899882
25 0.58671875 0.5203125 0.0890625 0.0625