26 0.4109375 0.090625 0.45625 0.18125
27 0.81484375 0.34140625 0.2453125 0.2171875
27 0.96328125 0.17109375 0.0734375 0.1421875
27 0.854537825109535 0.18020949917593967 0.0917642153566284 0.16308650496239877
27 0.93046875 0.0421875 0.1390625 0.084375
25 0.1078125 0.51796875 0.178125 0.1359375
25 0.09375 0.6796875 0.1875 0.240625
25 0.08515625 0.8875 0.1703125 0.225
25 0.2203125 0.89765625 0.184375 0.2046875
25 0.2381865002237146 0.6934930190255345 0.1857994805034755 0.23285965756743252
25 0.24609375 0.52578125 0.1859375 0.1515625
25 0.3625 0.9 0.184375 0.2
25 0.39453125 0.534375 0.1890625 0.16875
25 0.37505953819107846 0.7098542655108779 0.17462518216314943 0.22922523531769165
25 0.59765625 0.9171875 0.0828125 0.165625
25 0.53984375 0.5375 0.1796875 0.175
25 0.5 0.909375 0.171875 0.18125
25 0.60703125 0.73671875 0.0640625 0.2421875
25 0.5196858765733607 0.725070388960692 0.18603627884380156 0.23598465756743253
25 0.61484375 0.54375 0.0484375 0.1875
26 0.81953125 0.7734375 0.3609375 0.396875