27 0.1770997860089238 0.16778707346810257 0.2371603962731288 0.31812244929333283
27 0.359375 0.06484375 0.23125 0.1296875
26 0.88984375 0.0859375 0.2203125 0.171875
27 0.075 0.76875 0.15 0.184375
27 0.69140625 0.44609375 0.1765625 0.1546875
27 0.7421875 0.66328125 0.075 0.1828125
27 0.6374138393924152 0.5871660412340292 0.2208112015966055 0.18435304203601816
27 0.39592667635055345 0.5911672019317138 0.22788887254713258 0.20521234618305506
27 0.93515625 0.6734375 0.1296875 0.315625
27 0.8453125 0.81328125 0.13125 0.3296875
27 0.884375 0.53984375 0.209375 0.3015625