27 0.0859375 0.1046875 0.171875 0.209375
27 0.0890625 0.2640625 0.178125 0.221875
27 0.2883978620254936 0.32607076580764194 0.2465942406302261 0.24321340557377943
23 0.64375 0.19296875 0.26875 0.3859375
23 0.85625 0.21171875 0.2875 0.4234375
23 0.1891569070086417 0.715232055740824 0.2918885599120669 0.2443185091511017
23 0.3609375 0.81953125 0.296875 0.2890625
23 0.115625 0.84921875 0.23125 0.3015625
23 0.1234375 0.9515625 0.246875 0.096875
23 0.4390625 0.653125 0.140625 0.26875
23 0.425 0.9109375 0.16875 0.178125
23 0.1390625 0.6359375 0.278125 0.234375
25 0.9125 0.63671875 0.175 0.2359375
25 0.94921875 0.790625 0.1015625 0.2125