27 0.24609375 0.23828125 0.12421875 0.18125
27 0.3875 0.25234375 0.1375 0.16953125
27 0.2078125 0.85390625 0.1640625 0.16640625
27 0.3046875 0.4890625 0.1546875 0.15703125
27 0.0859375 0.38125 0.09453125 0.16953125
27 0.49140625 0.4609375 0.1890625 0.1734375
27 0.44375 0.88984375 0.1453125 0.165625
27 0.6890625 0.76953125 0.08515625 0.26328125
27 0.79765625 0.39609375 0.16328125 0.18671875
27 0.93359375 0.49453125 0.1265625 0.13359375
27 0.4140625 0.1109375 0.13125 0.10625
27 0.79609375 0.72109375 0.1484375 0.15078125
27 0.5171875 0.71640625 0.09609375 0.1859375
27 0.69609375 0.33828125 0.07421875 0.20078125
27 0.65 0.1484375 0.15 0.1359375
27 0.16328125 0.6234375 0.13984375 0.225