27 0.0765625 0.1328125 0.153125 0.225
27 0.09375 0.35859375 0.1875 0.2421875
27 0.32578125 0.371875 0.1484375 0.215625
27 0.1375 0.04296875 0.16875 0.0859375
27 0.29902808147431265 0.30694200753935325 0.15372012117350237 0.2266389953818516
27 0.31796875 0.1109375 0.1640625 0.2
27 0.81171875 0.23984375 0.3765625 0.4796875
27 0.54296875 0.37109375 0.2859375 0.2171875
23 0.2921875 0.84765625 0.215625 0.3046875
23 0.29140625 0.72109375 0.2171875 0.4828125
23 0.915625 0.60703125 0.16875 0.2546875
23 0.82578125 0.57734375 0.2609375 0.1953125
23 0.625 0.55859375 0.259375 0.1578125
23 0.50546875 0.5703125 0.2109375 0.18125
23 0.7103143761404104 0.695180758670649 0.24249152274507893 0.22818095447712922