27 0.0453125 0.3546875 0.090625 0.228125
27 0.303125 0.4234375 0.19375 0.090625
27 0.13359375 0.40859375 0.2671875 0.1203125
27 0.19754707698363488 0.24121230470083432 0.2248386697155947 0.2645667645588464
27 0.196875 0.06953125 0.19375 0.1390625
25 0.540625 0.12265625 0.28125 0.2453125
25 0.51328125 0.31015625 0.2265625 0.3171875
25 0.7205557566479847 0.22908081094077276 0.38255792656407195 0.3599657316967866
26 0.31640625 0.740625 0.1671875 0.421875
26 0.15390625 0.8875 0.3078125 0.225
23 0.7078125 0.55546875 0.584375 0.1734375
23 0.73984375 0.6671875 0.5203125 0.396875
23 0.821875 0.778125 0.35625 0.44375