27 0.49296875 0.11484375 0.1140625 0.2296875
27 0.26015625 0.14765625 0.3796875 0.2953125
27 0.446875 0.19140625 0.20625 0.2609375
27 0.10625 0.1359375 0.2125 0.271875
26 0.68125 0.16953125 0.2625 0.3390625
26 0.775 0.06328125 0.45 0.1265625
25 0.0375 0.8265625 0.075 0.346875
25 0.16328125 0.8421875 0.3046875 0.315625
25 0.1078125 0.60546875 0.215625 0.3296875
25 0.08671875 0.4421875 0.1734375 0.20625
25 0.31074261555268823 0.7536056819432764 0.28872289627312886 0.3210130991013127
25 0.4546875 0.7171875 0.190625 0.321875
25 0.41015625 0.50078125 0.2796875 0.3234375
25 0.2415946620160975 0.5396704698250032 0.2944927352084335 0.34795823637421636
25 0.19921875 0.40859375 0.2921875 0.1390625
26 0.775 0.91484375 0.45 0.1703125
26 0.90859375 0.73984375 0.1828125 0.4328125
26 0.6421875 0.903125 0.184375 0.19375
26 0.72578125 0.521875 0.3515625 0.365625
26 0.88359375 0.5296875 0.2328125 0.38125
26 0.63046875 0.72421875 0.1609375 0.4703125