27 0.17874418617910823 0.21528969847574836 0.14956470452587264 0.19461358411256366
27 0.2774589421310366 0.2635186410977643 0.1700953731437834 0.2322317587805987
27 0.4511413609453392 0.17234471613514168 0.16368174668035032 0.20407039734428026
27 0.30546875 0.634375 0.1859375 0.16875
27 0.4734375 0.63359375 0.13125 0.1703125
27 0.35815547198887415 0.43741974941082484 0.22044989714788849 0.2934601502711464
27 0.4609375 0.4796875 0.15625 0.2375
26 0.70546875 0.26796875 0.3328125 0.5359375
26 0.84375 0.49140625 0.3125 0.4546875
23 0.17421875 0.83046875 0.3171875 0.2234375
25 0.76953125 0.91875 0.4609375 0.1625
25 0.64921875 0.859375 0.2203125 0.28125