27 0.3828125 0.1296875 0.134375 0.240625
27 0.2112926198538169 0.44148956327734756 0.30150934757972225 0.25096330231458364
27 0.02890625 0.4265625 0.0578125 0.24375
27 0.3296875 0.3359375 0.240625 0.234375
27 0.2546875 0.0875 0.234375 0.175
27 0.1375 0.5625 0.275 0.19375
27 0.0984375 0.2 0.196875 0.240625
27 0.0859375 0.08515625 0.171875 0.1703125
23 0.83984375 0.353125 0.3203125 0.58125
23 0.584375 0.34921875 0.26875 0.4734375
23 0.5484375 0.53671875 0.196875 0.2453125
23 0.21484375 0.8296875 0.4296875 0.340625
26 0.725 0.85703125 0.55 0.2859375
26 0.9359375 0.8296875 0.128125 0.340625