27 0.228125 0.1515625 0.45625 0.303125
27 0.2828125 0.375 0.565625 0.2875
25 0.2449195901164904 0.6935978728306414 0.24543640999505137 0.19223896567298446
25 0.203125 0.565625 0.24375 0.09375
25 0.3328125 0.8859375 0.25625 0.228125
25 0.34921875 0.56328125 0.1359375 0.0890625
25 0.39109854929788757 0.6734758097626908 0.11493668249628844 0.14095894789030403
25 0.4359375 0.5609375 0.09375 0.084375
25 0.46655225067736855 0.6636962413180568 0.08755531094499087 0.12409677956950453
26 0.81953125 0.9046875 0.3609375 0.190625
26 0.9515625 0.66796875 0.096875 0.2984375
26 0.75703125 0.58515625 0.2203125 0.1328125
26 0.79375 0.73671875 0.309375 0.2515625