27 0.07578125 0.34453125 0.1515625 0.1296875
27 0.1953125 0.034375 0.1625 0.06875
27 0.33046875 0.090625 0.2296875 0.18125
27 0.4895412597882828 0.13597138497769387 0.20407740870767305 0.22232076546195145
27 0.55625 0.36171875 0.165625 0.0953125
26 0.81953125 0.23046875 0.3609375 0.3578125
26 0.83125 0.09921875 0.3375 0.1984375
27 0.23561516242068806 0.8461427078662094 0.2255555938242157 0.30197631455356594
27 0.45390625 0.84921875 0.2921875 0.3015625
27 0.2265625 0.49296875 0.215625 0.1671875
27 0.6109375 0.6515625 0.05625 0.240625
27 0.4889137440943682 0.606092566341242 0.21897821161023057 0.2920911315230278
27 0.43203125 0.459375 0.2328125 0.1
27 0.31196929817805225 0.6095677369539445 0.20793158420556884 0.2880733112195859
25 0.6859375 0.78984375 0.09375 0.3921875
25 0.77421875 0.80703125 0.2484375 0.3859375
25 0.9046875 0.82421875 0.190625 0.3515625