27 0.175 0.25 0.35 0.5
26 0.5890625 0.25 0.45 0.5
26 0.82890625 0.23515625 0.3421875 0.4703125
26 0.41796875 0.18046875 0.1359375 0.3609375
25 0.31953125 0.6734375 0.0609375 0.346875
25 0.228125 0.68671875 0.24375 0.3734375
25 0.0921875 0.696875 0.184375 0.38125
25 0.92578125 0.61484375 0.1484375 0.2296875
25 0.8234375 0.55390625 0.253125 0.1078125
25 0.4515625 0.55546875 0.203125 0.1109375
25 0.6125 0.93203125 0.165625 0.1359375
25 0.47484802225960066 0.8263705971291676 0.1748919382306724 0.17169153142885668
25 0.3859375 0.6875 0.071875 0.196875