27 0.34296875 0.0984375 0.1890625 0.196875
27 0.19765625 0.02421875 0.2265625 0.0484375
27 0.13203125 0.06953125 0.2640625 0.1390625
27 0.465625 0.375 0.146875 0.0875
27 0.3453125 0.3609375 0.209375 0.115625
25 0.89609375 0.2625 0.2078125 0.3125
25 0.7453125 0.3703125 0.40625 0.096875
25 0.708500733264514 0.2781805563642121 0.336293783355371 0.2755066876036455
25 0.6796875 0.09921875 0.23125 0.1984375
25 0.41484375 0.5125 0.2484375 0.1875
25 0.45390625 0.68671875 0.1703125 0.3203125
25 0.27044413330994255 0.5917250499164777 0.32502209068231736 0.29777726247886704
25 0.471875 0.8640625 0.134375 0.25
26 0.8703125 0.9078125 0.259375 0.184375
26 0.6265625 0.76328125 0.175 0.1640625
26 0.7044616864530173 0.6734954794090112 0.2432188127540133 0.19062984608959824
26 0.824992192445911 0.6295501150161995 0.2177341338757695 0.14937936148063838
26 0.90390625 0.78359375 0.1921875 0.2578125