27 0.17208824329176 0.164811608999683 0.21975697241000383 0.21894915309764623
27 0.11328125 0.546875 0.2265625 0.084375
27 0.0875 0.47265625 0.175 0.1921875
27 0.2018649902117171 0.45518098145549163 0.16036212504240907 0.17060682835784532
29 0.8765625 0.2453125 0.246875 0.328125
29 0.68203125 0.1265625 0.2453125 0.253125
29 0.6921875 0.34296875 0.265625 0.3890625
29 0.7703125 0.453125 0.421875 0.271875
29 0.78203125 0.54765625 0.4171875 0.0828125
29 0.2796875 0.846875 0.559375 0.30625
29 0.2796875 0.7109375 0.559375 0.24375
31 0.7796875 0.79453125 0.440625 0.4109375