27 0.3171875 0.271875 0.284375 0.253125
27 0.31328125 0.4484375 0.2921875 0.221875
27 0.10234375 0.253125 0.2046875 0.23125
27 0.36875 0.0421875 0.18125 0.084375
27 0.05703125 0.0390625 0.1140625 0.078125
25 0.56171875 0.159375 0.2046875 0.31875
25 0.9578125 0.26640625 0.084375 0.3203125
25 0.8639527837152994 0.22224456168510204 0.21869514185764977 0.3239671542193456
25 0.90625 0.04140625 0.1875 0.0828125
25 0.709091787476223 0.18674561809849352 0.21883153417751763 0.3286546542193456
25 0.1125 0.86015625 0.225 0.2796875
25 0.06875 0.61328125 0.1375 0.1078125
26 0.58359375 0.7984375 0.2484375 0.403125
26 0.815625 0.82109375 0.36875 0.3578125
26 0.96015625 0.8515625 0.0796875 0.296875