27 0.3 0.24453125 0.6 0.4890625
27 0.820171790923667 0.18092054662636547 0.21063728436678594 0.1881738040260897
27 0.875 0.05703125 0.240625 0.1140625
27 0.80390625 0.42578125 0.3921875 0.3484375
27 0.946875 0.2453125 0.10625 0.20625
25 0.3006548720520971 0.7781489879455934 0.25751228436678597 0.18871924403245294
25 0.33515625 0.6453125 0.2546875 0.090625
25 0.303125 0.9375 0.26875 0.125
25 0.4625 0.6640625 0.146875 0.128125
25 0.4427054787758906 0.8014672145926397 0.12458103801913581 0.1387908746817267
25 0.5398058735188199 0.6879672412476403 0.10146571638103268 0.12603633601209036
25 0.5171688870354059 0.8138666699156858 0.09631309576674382 0.12129429201145392
25 0.70078125 0.73125 0.2015625 0.2625