27 0.16796875 0.13046875 0.3359375 0.2609375
27 0.41875 0.4890625 0.4375 0.1
27 0.34655555640962843 0.32538101789405544 0.38232165033009213 0.24979255551864235
27 0.46171875 0.1203125 0.4515625 0.240625
25 0.8375 0.28125 0.196875 0.3875
25 0.82890625 0.44609375 0.1796875 0.1859375
25 0.62421875 0.6203125 0.2296875 0.1625
25 0.5452165232806004 0.7857270350129186 0.37269237210203665 0.28180401912144787
25 0.646875 0.896875 0.184375 0.20625
25 0.9265625 0.7109375 0.146875 0.34375
25 0.8765625 0.90078125 0.246875 0.1984375