27 0.18393210147843284 0.2720618342566599 0.26385922618081653 0.2153140775927424
27 0.39953202091618956 0.19858018481065595 0.1953699874635877 0.11496708511458972
27 0.43275003470624307 0.3199610913162889 0.18138169530200426 0.1707624440483631
27 0.3265625 0.4984375 0.415625 0.040625
27 0.278125 0.42421875 0.284375 0.1890625
23 0.8875 0.07421875 0.225 0.1484375
23 0.809375 0.209375 0.38125 0.215625
23 0.9578125 0.365625 0.084375 0.2375
25 0.0640625 0.6015625 0.128125 0.165625
23 0.91875 0.81015625 0.1625 0.3796875
23 0.83359375 0.8375 0.2671875 0.325
23 0.715625 0.8125 0.19375 0.375