27 0.11640625 0.13984375 0.2328125 0.2109375
27 0.121875 0.040625 0.24375 0.08125
27 0.3984375 0.15 0.4375 0.3
25 0.8390625 0.065625 0.21875 0.13125
25 0.86484375 0.16328125 0.2703125 0.2734375
27 0.2860988017973745 0.5677691393503672 0.30452722970625656 0.2551494674053279
27 0.47093657421714974 0.692179420624891 0.2146041181871082 0.14653533386094858
27 0.5385860730092018 0.5829468246232415 0.2155605824314133 0.19644440564770313
27 0.5109375 0.3703125 0.4375 0.140625
27 0.42532028271157907 0.43555969609342704 0.3193869551604493 0.24622910847155471
25 0.7890625 0.39375 0.11875 0.1875