27 0.21176863031218113 0.4130053181193853 0.31669472116625175 0.26958154181102606
27 0.28046875 0.58359375 0.2171875 0.1703125
27 0.31015625 0.2875 0.1578125 0.334375
27 0.25625 0.14453125 0.265625 0.2890625
25 0.86484375 0.1375 0.2703125 0.275
25 0.7238654650310595 0.3434726100715858 0.3749906059642723 0.3431702312312126
25 0.696875 0.1171875 0.25625 0.234375
25 0.6671875 0.5265625 0.403125 0.284375
25 0.4765625 0.4640625 0.175 0.25
25 0.5203125 0.0828125 0.21875 0.165625
25 0.5268971883088822 0.254525689208425 0.2161946159934022 0.24656970506402764
25 0.42265625 0.07421875 0.0671875 0.1484375
25 0.4421875 0.2078125 0.10625 0.24375
25 0.921875 0.3875 0.15625 0.271875
26 0.22265625 0.73046875 0.3328125 0.1234375
23 0.80390625 0.834375 0.3921875 0.33125
23 0.61328125 0.834375 0.4484375 0.33125