27 0.08359375 0.3078125 0.1671875 0.121875
27 0.25546875 0.29921875 0.3515625 0.1390625
27 0.4015625 0.19453125 0.134375 0.3484375
27 0.2671875 0.153125 0.340625 0.30625
27 0.3765625 0.05390625 0.184375 0.1078125
31 0.734375 0.184375 0.53125 0.36875
29 0.146875 0.6046875 0.29375 0.471875
29 0.19375 0.76484375 0.3875 0.4703125
29 0.35546875 0.80703125 0.2265625 0.3515625
28 0.79140625 0.87890625 0.4171875 0.2421875
28 0.571875 0.8109375 0.20625 0.378125
28 0.90546875 0.63828125 0.1890625 0.5390625
28 0.59765625 0.55 0.2578125 0.3625