27 0.146875 0.040625 0.29375 0.08125
27 0.13046875 0.1484375 0.2609375 0.296875
27 0.32578125 0.12265625 0.3484375 0.2453125
27 0.27741054391202924 0.29340920867350917 0.4036484319506556 0.3581423099621494
27 0.15234375 0.3875 0.3046875 0.24375
27 0.0375 0.2765625 0.075 0.246875
27 0.4375 0.33671875 0.125 0.3453125
27 0.34140625 0.42734375 0.3171875 0.1640625
26 0.75 0.2546875 0.5 0.509375
26 0.59453125 0.3734375 0.1890625 0.271875
27 0.43671875 0.90078125 0.1265625 0.1984375
23 0.75 0.7546875 0.5 0.490625