27 0.4625 0.10234375 0.34375 0.2046875
27 0.25078125 0.37578125 0.3171875 0.1078125
27 0.4078125 0.290625 0.321875 0.278125
27 0.1609375 0.1640625 0.321875 0.328125
27 0.07421875 0.33984375 0.1484375 0.1796875
25 0.9125 0.2484375 0.175 0.3625
25 0.790726211040166 0.20873975955838092 0.20290887646134478 0.3368001495154672
25 0.9484375 0.05703125 0.103125 0.1140625
25 0.3352902608548538 0.7276261533738652 0.18063982609676402 0.22822282500983526
25 0.21953125 0.89140625 0.1765625 0.2171875
25 0.0953125 0.86875 0.16875 0.2625
25 0.18413360625831016 0.6832155996513534 0.20094760808121387 0.2591121920901143
26 0.84453125 0.75859375 0.3109375 0.4828125