27 0.12890625 0.3890625 0.2578125 0.58125
25 0.73125 0.06875 0.3125 0.1375
25 0.4796875 0.134375 0.259375 0.26875
25 0.5367785335374659 0.44017660281265014 0.33875738836446345 0.2743075692008222
25 0.6377202455141946 0.22908920558811924 0.22670837452429887 0.2042258794672147
25 0.52421875 0.603125 0.3484375 0.153125
25 0.74296875 0.6078125 0.1703125 0.14375
25 0.8179024940313198 0.24347399364857142 0.19274986859279997 0.1747638725471326
25 0.7502335384803818 0.42539781429508744 0.177345044486243 0.21781353558899424
25 0.94921875 0.278125 0.1015625 0.2
25 0.8870477889746733 0.42862492646209666 0.15715987847863175 0.22011086463846716
25 0.3734375 0.3953125 0.046875 0.234375
26 0.175 0.83984375 0.35 0.3203125
23 0.91875 0.83984375 0.1625 0.3203125