27 0.053125 0.37265625 0.10625 0.1140625
27 0.3171875 0.07421875 0.240625 0.1484375
27 0.15078125 0.11015625 0.2203125 0.2203125
27 0.07421875 0.2203125 0.1484375 0.3125
27 0.2390625 0.334375 0.215625 0.190625
27 0.53671875 0.28203125 0.2046875 0.2453125
27 0.553125 0.046875 0.171875 0.09375
23 0.81953125 0.21484375 0.3609375 0.4296875
27 0.4435191201128557 0.6490291075569486 0.14277904349765969 0.21721893515657004
27 0.47734375 0.49921875 0.1671875 0.1390625
27 0.54921875 0.6453125 0.1796875 0.240625
27 0.575 0.5125 0.128125 0.165625
25 0.81953125 0.79609375 0.3609375 0.4078125
25 0.815625 0.49765625 0.321875 0.1359375