27 0.140625 0.24375 0.28125 0.4875
23 0.6109375 0.625 0.221875 0.06875
23 0.7390625 0.10859375 0.478125 0.1921875
23 0.6578125 0.39921875 0.315625 0.1734375
23 0.75 0.25234375 0.5 0.1890625
23 0.30703125 0.88984375 0.2359375 0.2203125
23 0.08515625 0.8296875 0.1453125 0.340625
26 0.86875 0.97265625 0.1625 0.0546875
26 0.9671875 0.83125 0.065625 0.23125
26 0.91328125 0.73984375 0.1734375 0.1609375
26 0.70234375 0.94921875 0.0765625 0.1015625
26 0.5453125 0.7234375 0.090625 0.128125
26 0.6137132670428332 0.7684906678017704 0.10195578652459396 0.20787066162790718
26 0.5609375 0.89765625 0.121875 0.2046875