27 0.07265625 0.38828125 0.1453125 0.1890625
27 0.5765625 0.26171875 0.10859375 0.15625
27 0.6265625 0.428125 0.14296875 0.14765625
27 0.42109375 0.4484375 0.14765625 0.1703125
27 0.325 0.35078125 0.1046875 0.1296875
27 0.228125 0.41171875 0.10546875 0.14375
27 0.15390625 0.584375 0.10703125 0.13828125
27 0.046875 0.90546875 0.09296875 0.17265625
27 0.16484375 0.89296875 0.12265625 0.15546875
27 0.2875 0.73515625 0.1296875 0.15703125
27 0.4046875 0.88984375 0.140625 0.171875
27 0.58359375 0.89375 0.13515625 0.18671875
27 0.6515625 0.71875 0.1125 0.15703125
27 0.8109375 0.69296875 0.15234375 0.16484375
27 0.75859375 0.865625 0.16015625 0.16328125
27 0.92734375 0.82109375 0.121875 0.165625
27 0.5265625 0.7125 0.10859375 0.14921875