27 0.13515625 0.1171875 0.2703125 0.234375
27 0.35546875 0.13046875 0.3078125 0.2609375
27 0.7546875 0.2296875 0.490625 0.459375
23 0.215625 0.9296875 0.43125 0.140625
23 0.209375 0.8625 0.41875 0.275
23 0.2546875 0.771875 0.509375 0.378125
23 0.25234375 0.63671875 0.5046875 0.3359375
23 0.2546875 0.565625 0.509375 0.2125
23 0.2546875 0.50703125 0.509375 0.0953125
23 0.55625 0.7875 0.09375 0.425
23 0.70078125 0.92265625 0.2796875 0.1546875
23 0.6931390051663614 0.7076021806540208 0.261802125874258 0.424734541699365
23 0.92734375 0.57578125 0.1453125 0.2328125
23 0.7734375 0.51015625 0.3125 0.1015625
23 0.878125 0.81796875 0.24375 0.3640625