30 0.59765625 0.090625 0.0640625 0.18125
28 0.25390625 0.2 0.4203125 0.4
28 0.36875 0.39765625 0.346875 0.2640625
29 0.81484375 0.26484375 0.3703125 0.5296875
31 0.34453125 0.934375 0.3046875 0.13125
31 0.3229687678801817 0.8585285548439014 0.23713159012915472 0.149791963502863
31 0.07734375 0.7140625 0.1546875 0.11875
31 0.0859375 0.63203125 0.171875 0.1484375
31 0.4827265496169238 0.7364848623200813 0.16466555674305994 0.12906130698520074
31 0.4577827224198929 0.6311433773471959 0.17064277210332382 0.11972266842151917
31 0.10546875 0.80546875 0.2109375 0.1453125
31 0.2578125 0.54375 0.175 0.028125
31 0.81484375 0.76484375 0.3703125 0.4703125