28 0.225 0.17265625 0.45 0.2328125
30 0.8453125 0.1796875 0.309375 0.21875
30 0.63984375 0.14453125 0.3796875 0.2890625
27 0.23929446922652903 0.8346496104698952 0.23515412441111075 0.192591462765278
27 0.109375 0.71015625 0.21875 0.2203125
27 0.308316454240788 0.7051790095962145 0.24677512959490713 0.20065853590354193
27 0.14867619703074145 0.5693356946260758 0.26933363477870353 0.20898018218006964
27 0.33050239547560273 0.567442620253541 0.22591582544786987 0.19393575721819456
27 0.16946573360013933 0.4386487390789925 0.2381424233743516 0.19110169794763912
27 0.06328125 0.46015625 0.1265625 0.1765625
27 0.31640625 0.4234375 0.2671875 0.2
29 0.7484375 0.64375 0.503125 0.709375
29 0.6421875 0.4328125 0.3625 0.2875
29 0.83203125 0.89765625 0.2703125 0.2046875
29 0.5890625 0.70390625 0.278125 0.4359375
29 0.49765625 0.64765625 0.0953125 0.4234375