28 0.25761794191488735 0.2724440152639366 0.34938726684784793 0.280602464525656
40 0.06484375 0.4640625 0.1296875 0.05
40 0.0125 0.24453125 0.025 0.2109375
40 0.0721289201233608 0.4112295057032126 0.12922831411407198 0.09072273442229636
28 0.25859375 0.09296875 0.3828125 0.1859375
30 0.79921875 0.16796875 0.4015625 0.3359375
30 0.50390625 0.2421875 0.1078125 0.484375
30 0.0765625 0.69921875 0.153125 0.4203125
30 0.2546875 0.7703125 0.365625 0.459375
28 0.59296875 0.7203125 0.2859375 0.303125
28 0.88125 0.6765625 0.2375 0.271875
28 0.5625 0.55859375 0.225 0.1390625