28 0.346875 0.16796875 0.34375 0.2421875
28 0.4515625 0.14453125 0.134375 0.2890625
29 0.79296875 0.14453125 0.4140625 0.2890625
29 0.8421875 0.209375 0.315625 0.159375
29 0.61796875 0.21640625 0.1984375 0.1453125
28 0.125 0.8296875 0.25 0.340625
28 0.35625 0.84921875 0.325 0.3015625
28 0.29401729326195714 0.7186285291230102 0.24069166763705444 0.22097404721981437
28 0.29296875 0.36484375 0.2859375 0.1515625
29 0.75625 0.42109375 0.475 0.2640625
29 0.7908551173049847 0.49361223939606635 0.4024227404322964 0.3265582488222215
29 0.60234375 0.54296875 0.1671875 0.3296875
29 0.60234375 0.7453125 0.1671875 0.35625