28 0.1796875 0.2296875 0.359375 0.459375
29 0.6796875 0.2296875 0.640625 0.459375
29 0.49765625 0.2625 0.2765625 0.39375
27 0.1796875 0.64453125 0.359375 0.3703125
27 0.146875 0.88046875 0.29375 0.2390625
27 0.27578125 0.8 0.1671875 0.4
27 0.2640625 0.5109375 0.190625 0.103125
29 0.47265625 0.746875 0.2265625 0.50625
29 0.61640625 0.815625 0.3734375 0.36875
29 0.58671875 0.59609375 0.3828125 0.2734375
29 0.8140625 0.56640625 0.325 0.2140625
29 0.8505677127711951 0.761052035876381 0.2911316876036455 0.3447376415249675