29 0.11640625 0.10234375 0.2109375 0.2046875
29 0.3279642154103696 0.365349901266967 0.22575858350638853 0.29774757242073785
29 0.10703125 0.49765625 0.2140625 0.1234375
29 0.7796875 0.2796875 0.440625 0.559375
29 0.9453125 0.2859375 0.109375 0.546875
27 0.365625 0.7796875 0.3875 0.440625
27 0.14140625 0.7796875 0.2828125 0.440625
27 0.8005198864756469 0.7894584567840282 0.3380822177194439 0.36064162278531847
27 0.603125 0.75 0.0875 0.33125
27 0.8828125 0.625 0.234375 0.13125
27 0.94375 0.90546875 0.1125 0.1890625
27 0.6546875 0.9265625 0.190625 0.146875