29 0.24765625 0.46796875 0.4953125 0.2234375
29 0.41875 0.32265625 0.440625 0.5140625
29 0.11953125 0.18359375 0.2390625 0.2828125
28 0.81953125 0.1546875 0.3609375 0.309375
31 0.1484375 0.80625 0.296875 0.378125
31 0.36875 0.69375 0.390625 0.228125
31 0.07421875 0.6625 0.1484375 0.165625
31 0.5484375 0.8421875 0.18125 0.315625
31 0.39609375 0.93203125 0.3890625 0.1359375
29 0.79921875 0.86875 0.2828125 0.2625
29 0.896875 0.8171875 0.20625 0.365625
29 0.9640625 0.78984375 0.071875 0.4203125
29 0.78984375 0.684375 0.3015625 0.209375