29 0.1546875 0.225 0.309375 0.45
29 0.4484375 0.27109375 0.278125 0.3578125
29 0.7546875 0.325 0.45 0.25
28 0.0671875 0.9515625 0.134375 0.096875
31 0.91484375 0.6421875 0.1703125 0.31875
31 0.7778329942967874 0.6461553806058676 0.1923619848837216 0.29934930262104176
31 0.6749280397932805 0.6329488254193747 0.1569065437984502 0.23299695079743063
31 0.45390625 0.47421875 0.1546875 0.0484375
31 0.5493704279808032 0.8028093433711454 0.13511308451458143 0.16072190729444458
31 0.4442719178017704 0.7873135895714235 0.12467623226282801 0.16827983415618072
31 0.628125 0.48671875 0.153125 0.0734375
31 0.34375 0.5984375 0.06875 0.171875