29 0.103125 0.27734375 0.20625 0.2890625
29 0.14375 0.08125 0.19375 0.1625
30 0.84921875 0.2296875 0.3015625 0.459375
30 0.6296875 0.1859375 0.353125 0.371875
30 0.59921875 0.39453125 0.3203125 0.1296875
30 0.25546875 0.6375 0.3671875 0.35625
30 0.23046875 0.84296875 0.4171875 0.3140625
29 0.7640625 0.5484375 0.278125 0.178125
29 0.8796875 0.60546875 0.240625 0.2921875
29 0.94296875 0.63671875 0.1140625 0.3546875
29 0.679418944581504 0.7604423726573197 0.40568966271481594 0.366371775402029
29 0.8796875 0.86796875 0.20625 0.2640625