30 0.18203125 0.14140625 0.3640625 0.2828125
30 0.1453125 0.471875 0.290625 0.3875
30 0.3421875 0.54921875 0.334375 0.2109375
30 0.40234375 0.24609375 0.2140625 0.4921875
30 0.81640625 0.31171875 0.3671875 0.6234375
30 0.2546875 0.834375 0.509375 0.33125
28 0.86328125 0.91640625 0.2734375 0.1671875
40 0.67421875 0.896875 0.1390625 0.20625
40 0.6014399631012954 0.8108655450131913 0.15564299019805522 0.1409573606144388
40 0.5872591773803693 0.9085317186969888 0.13165868605101833 0.13388890507947587
28 0.8796875 0.834375 0.240625 0.33125