30 0.2984375 0.07421875 0.321875 0.1484375
30 0.11640625 0.096875 0.2328125 0.19375
30 0.1640625 0.1625 0.328125 0.2125
31 0.7296875 0.134375 0.540625 0.26875
31 0.52734375 0.14921875 0.1359375 0.2390625
30 0.21282591355813169 0.6747265831303054 0.29967626623205434 0.2689244848837218
30 0.3625 0.74375 0.19375 0.24375
30 0.41328125 0.46796875 0.0921875 0.2359375
30 0.17995668669004491 0.5012483127722398 0.2696069366867497 0.2451470234403846
31 0.55234375 0.39609375 0.1859375 0.2515625
31 0.5578125 0.53203125 0.196875 0.2421875
31 0.5859375 0.66640625 0.253125 0.2296875
31 0.5900451582831259 0.7639509669988914 0.2420353157455871 0.18563232109634606
31 0.95546875 0.56171875 0.0890625 0.2203125
31 0.9171875 0.36484375 0.165625 0.1921875
31 0.75546875 0.278125 0.2984375 0.01875
31 0.95078125 0.95234375 0.0984375 0.0953125
31 0.7911440081209701 0.7775967550941291 0.1712318920444808 0.1530014913621268
31 0.8213752045502478 0.8786690993263179 0.17575575081077882 0.1439268800110746
31 0.496875 0.92421875 0.075 0.1515625