30 0.21484375 0.25 0.4296875 0.5
31 0.71484375 0.25 0.5703125 0.5
30 0.1390625 0.559375 0.278125 0.11875
30 0.29921875 0.61953125 0.2609375 0.2390625
27 0.7203125 0.93125 0.234375 0.1375
27 0.9484375 0.565625 0.103125 0.13125
27 0.7689514387895671 0.6235766932308295 0.22010710049533805 0.20547004448624281
27 0.8341120200544827 0.7502147890862164 0.16443498924663302 0.14861786661563361
27 0.7467618773742462 0.8168346033069417 0.1787885876750564 0.155440869581383
27 0.5597349123204343 0.8193508137636147 0.1724658130679506 0.1536237015966055
27 0.4921875 0.63828125 0.125 0.1828125