31 0.1390625 0.215625 0.278125 0.43125
31 0.36328125 0.1703125 0.2953125 0.340625
31 0.4390625 0.6453125 0.2 0.0875
31 0.22902248389273083 0.5305227524987998 0.21259194535249043 0.3003588879720082
31 0.59375 0.21796875 0.171875 0.4359375
29 0.83984375 0.34453125 0.3203125 0.6890625
29 0.4109375 0.7640625 0.4 0.15
29 0.05625 0.8390625 0.1125 0.3
29 0.171875 0.8015625 0.221875 0.225
29 0.59609375 0.96875 0.1671875 0.0625
29 0.3701651134794218 0.8863387350768676 0.20589651775758924 0.2233227912913563
29 0.83984375 0.84453125 0.3203125 0.3109375