31 0.16484375 0.3 0.3296875 0.6
27 0.6247035131174414 0.17628895372958295 0.21318383197589003 0.2550535129856435
27 0.61640625 0.49609375 0.1859375 0.2078125
27 0.5875 0.021875 0.175 0.04375
27 0.5129360962249853 0.3244752633893853 0.21318383197589003 0.2550535129856435
27 0.48046875 0.51484375 0.1953125 0.1703125
27 0.46171875 0.040625 0.1796875 0.08125
27 0.3984375 0.3609375 0.1375 0.253125
27 0.3828125 0.51796875 0.10625 0.1640625
27 0.3921875 0.07265625 0.125 0.1453125
31 0.16484375 0.8 0.3296875 0.4
30 0.6515625 0.89375 0.528125 0.2125
30 0.48515625 0.71953125 0.3109375 0.2390625