31 0.2046875 0.309375 0.409375 0.61875
30 0.6066482220831253 0.2183285680118951 0.05247433664159917 0.057792700499114245
30 0.710051627788531 0.5853059577790424 0.04749573821317572 0.05110510357732245
30 0.6354474642252423 0.24702591930144197 0.04913101282028158 0.05281346921791963
30 0.5802869292790543 0.24197496672234822 0.050984611248705035 0.05920933485851698
30 0.71328125 0.6375 0.0453125 0.04375
27 0.2046875 0.8296875 0.409375 0.340625
27 0.2046875 0.8296875 0.409375 0.340625
30 0.57421875 0.8296875 0.3296875 0.340625
30 0.79140625 0.88046875 0.4171875 0.2390625
30 0.75 0.74296875 0.384375 0.1671875
30 0.9125 0.82421875 0.175 0.3296875