31 0.16953125 0.284375 0.3390625 0.56875
31 0.66953125 0.3015625 0.6609375 0.534375
27 0.26015625 0.86484375 0.1578125 0.2546875
27 0.23359375 0.65234375 0.1734375 0.1671875
27 0.184375 0.9453125 0.2125 0.109375
27 0.11207589380798585 0.6753396387253154 0.17823802203583342 0.20826812802354447
27 0.05390625 0.73515625 0.1078125 0.2203125
31 0.49296875 0.68359375 0.3078125 0.2296875
31 0.51328125 0.84375 0.3484375 0.3125
31 0.9359375 0.63671875 0.128125 0.1359375
31 0.73515625 0.6078125 0.3078125 0.078125
31 0.6859375 0.94296875 0.45 0.1140625