31 0.06171875 0.4296875 0.1234375 0.259375
31 0.26484375 0.45859375 0.3796875 0.2015625
31 0.58203125 0.49921875 0.2140625 0.1203125
31 0.5734375 0.2453125 0.23125 0.396875
31 0.3316316842964442 0.19439839013231336 0.32400449061684605 0.38649378293939146
31 0.11484375 0.16171875 0.2296875 0.3234375
29 0.84453125 0.2609375 0.3109375 0.521875
31 0.34453125 0.7796875 0.6890625 0.440625
30 0.8359375 0.64296875 0.29375 0.1671875
30 0.81953125 0.91640625 0.2609375 0.1671875
30 0.8391213922260004 0.7593460469372478 0.26202937848024555 0.25621642105489234