31 0.2296875 0.18984375 0.459375 0.3796875
30 0.7296875 0.18984375 0.540625 0.3796875
30 0.09375 0.7453125 0.1875 0.509375
30 0.246875 0.859375 0.425 0.28125
30 0.41640625 0.84765625 0.0859375 0.3046875
30 0.28828125 0.64765625 0.3421875 0.3640625
29 0.57421875 0.7640625 0.2296875 0.471875
29 0.93828125 0.91875 0.1234375 0.1625
29 0.8953125 0.81640625 0.209375 0.3671875
29 0.725 0.80625 0.325 0.3875
29 0.56875 0.40859375 0.21875 0.0578125
29 0.6636837801886771 0.5714348165977304 0.24209341645877275 0.23550333736472595