31 0.2265625 0.3515625 0.11171875 0.16328125
31 0.75625 0.2953125 0.12109375 0.11640625
31 0.60625 0.31328125 0.109375 0.16875
31 0.409375 0.35390625 0.153125 0.1265625
31 0.1734375 0.84140625 0.1375 0.2203125
31 0.7171875 0.85859375 0.1890625 0.2
31 0.94765625 0.81484375 0.1046875 0.2421875
31 0.3265625 0.50546875 0.1171875 0.14375
31 0.0640625 0.34453125 0.125 0.14921875
31 0.13125 0.5328125 0.1390625 0.1453125
31 0.61171875 0.11953125 0.08046875 0.09140625
31 0.940625 0.31796875 0.11875 0.17265625
31 0.740625 0.54375 0.16640625 0.14609375
31 0.38203125 0.76875 0.17109375 0.19296875
31 0.5453125 0.56328125 0.14609375 0.175
31 0.29765625 0.1234375 0.09453125 0.09453125
31 0.4078125 0.21875 0.09765625 0.10625