32 0.06875 0.11484375 0.1375 0.2296875
32 0.196875 0.11484375 0.39375 0.2296875
32 0.28515625 0.05234375 0.5703125 0.1046875
32 0.4359375 0.0578125 0.3875 0.115625
34 0.81484375 0.11484375 0.3703125 0.2296875
34 0.81484375 0.11484375 0.3703125 0.2296875
33 0.390625 0.61484375 0.478125 0.7703125
33 0.15 0.64609375 0.3 0.6203125
33 0.85234375 0.8796875 0.2953125 0.240625
33 0.7390625 0.796875 0.21875 0.275
33 0.6734375 0.61015625 0.0875 0.2859375
33 0.7078125 0.40390625 0.15625 0.3046875
33 0.875 0.3390625 0.25 0.21875
33 0.86640625 0.5078125 0.2671875 0.246875
33 0.8921875 0.61953125 0.215625 0.2484375