32 0.19140625 0.26484375 0.3828125 0.5296875
32 0.06875 0.26484375 0.1375 0.5296875
32 0.684375 0.28125 0.53125 0.496875
33 0.209375 0.76484375 0.41875 0.4703125
36 0.5390625 0.94609375 0.14375 0.1078125
36 0.4953125 0.8015625 0.153125 0.121875
36 0.94765625 0.65703125 0.1046875 0.1640625
36 0.5812176892083609 0.6401624960432711 0.18296666542531542 0.14675324852966193
36 0.7160999574053261 0.6556945635469826 0.16904971463952725 0.1491412641334943
36 0.90625 0.565625 0.14375 0.071875
36 0.6796875 0.56015625 0.128125 0.0609375
36 0.553125 0.5671875 0.14375 0.075
36 0.78125 0.56953125 0.13125 0.0796875
36 0.9328125 0.76171875 0.134375 0.1140625
36 0.6463545758927414 0.8814625254419133 0.16348891935425697 0.13014560266810485