32 0.35546875 0.2 0.3484375 0.4
33 0.76484375 0.34375 0.4703125 0.1125
33 0.76484375 0.21796875 0.4703125 0.3640625
36 0.0765625 0.64921875 0.153125 0.2296875
36 0.1078125 0.4234375 0.215625 0.046875
36 0.41875 0.5015625 0.221875 0.203125
36 0.39296875 0.86796875 0.2734375 0.2390625
36 0.31952851328772935 0.609981491263194 0.21608062802354447 0.17841985999173637
36 0.2085081026018666 0.7539334726458329 0.24945674936345325 0.227621079406528
36 0.06640625 0.8 0.1328125 0.209375
36 0.0578125 0.93046875 0.115625 0.1390625
36 0.0609375 0.515625 0.121875 0.16875
36 0.2265625 0.49296875 0.23125 0.1859375
36 0.25390625 0.9375 0.2046875 0.125
33 0.76484375 0.75234375 0.4703125 0.4953125
33 0.76484375 0.56484375 0.4703125 0.3296875