32 0.45703125 0.2984375 0.1640625 0.440625
32 0.33671875 0.259375 0.2578125 0.51875
32 0.1453125 0.259375 0.290625 0.51875
33 0.7828125 0.26875 0.434375 0.5
36 0.2113518128577135 0.8355532485393976 0.24207962613895004 0.2061692534403698
36 0.16171875 0.95546875 0.1859375 0.0890625
36 0.05390625 0.8953125 0.1078125 0.13125
36 0.05078125 0.9703125 0.1015625 0.059375
36 0.3328125 0.9578125 0.184375 0.084375
36 0.44609375 0.884375 0.1859375 0.16875
36 0.3953125 0.74296875 0.2875 0.1703125
34 0.728125 0.753125 0.346875 0.46875