36 0.8505090123244718 0.1179604811793532 0.16599457146044044 0.19321496071058575
36 0.66953125 0.059375 0.1140625 0.11875
36 0.596647027928304 0.0921084948282043 0.13952060266810484 0.16392556699689204
36 0.45625 0.25625 0.09375 0.16875
36 0.6060950282669884 0.31699933291754545 0.1692014586155702 0.19492300992479752
36 0.61328125 0.43671875 0.1671875 0.1453125
36 0.93828125 0.43515625 0.1234375 0.1453125
36 0.7844590456798428 0.3595978635205074 0.12545810266810484 0.1632705955329392
36 0.7194824988683463 0.3986560554149555 0.11617163387576923 0.13478172249741008
36 0.6887946636130959 0.2740905490048148 0.13113489258219674 0.15262419396136268
36 0.7894154613291037 0.26085214846669547 0.11724281094499087 0.12547949710451584
36 0.8544439970593238 0.35662272084027097 0.11296474672063965 0.13307367328319836
36 0.790625 0.46640625 0.1125 0.0859375
36 0.8640625 0.4484375 0.11875 0.121875
36 0.71640625 0.471875 0.1140625 0.075
36 0.434375 0.42265625 0.05 0.1734375
33 0.13125 0.70234375 0.2625 0.3328125
33 0.2609375 0.5625 0.184375 0.10625
36 0.86171875 0.740625 0.2765625 0.4625
36 0.66484375 0.78828125 0.4640625 0.4234375
36 0.5125 0.83515625 0.20625 0.3296875
36 0.52265625 0.61171875 0.2265625 0.2046875
36 0.66171875 0.5796875 0.3359375 0.140625