32 0.1578125 0.2359375 0.315625 0.471875
32 0.14609375 0.4765625 0.2921875 0.40625
32 0.17734375 0.5890625 0.3546875 0.18125
36 0.44210465102104085 0.49065158593237407 0.1123834460605965 0.10582818874502423
36 0.38359375 0.20234375 0.0484375 0.1203125
36 0.48003531658745074 0.2367625819780414 0.11887024440092268 0.10920785672980182
36 0.38203125 0.31328125 0.0453125 0.0859375
36 0.490805027995387 0.3515917445256115 0.0938935551888033 0.08794035178688589
36 0.5635554437622895 0.3782232287082807 0.1072223493799445 0.09938718775644109
36 0.6145063275851129 0.1580725547920041 0.11082094606059663 0.10576452174882985
36 0.4836032215571838 0.6213630750579592 0.11058414772027056 0.10263952174883002
36 0.4898308333846829 0.549456241559862 0.10362375269929239 0.09300985376405232
36 0.6765625 0.015625 0.103125 0.03125
32 0.63359375 0.815625 0.5484375 0.271875