33 0.3109375 0.253125 0.496875 0.50625
33 0.259375 0.446875 0.51875 0.465625
33 0.759375 0.14375 0.30625 0.2875
33 0.9125 0.09609375 0.175 0.1921875
33 0.2796875 0.7859375 0.559375 0.2125
33 0.21640625 0.83359375 0.4328125 0.3078125
33 0.17578125 0.83984375 0.3515625 0.3203125
36 0.59140625 0.74140625 0.0640625 0.1234375
36 0.8305610734852532 0.8184887109199828 0.14456813231716562 0.1473202638537387
36 0.78203125 0.70078125 0.1578125 0.0421875
36 0.68203125 0.69921875 0.1234375 0.0390625
36 0.7671875 0.73203125 0.13125 0.1046875
36 0.90234375 0.70078125 0.1140625 0.0421875
36 0.8765625 0.740625 0.153125 0.121875
36 0.9671875 0.80078125 0.065625 0.1640625