33 0.12734375 0.08203125 0.2546875 0.1640625
33 0.20234375 0.5015625 0.3140625 0.234375
34 0.45703125 0.34296875 0.1953125 0.3578125
34 0.4796875 0.0890625 0.23125 0.178125
34 0.691485876631138 0.09169496861705513 0.1564510893539081 0.16418953000581898
34 0.575 0.5140625 0.43125 0.209375
34 0.5955359352721392 0.28841021407512724 0.24911130402608972 0.21233972970625672
34 0.85625 0.378125 0.2875 0.31875
31 0.1427018366088663 0.7362411625676168 0.2210772106938169 0.2178564060688349
31 0.31484375 0.8453125 0.0890625 0.1875
33 0.8015625 0.68828125 0.396875 0.1390625
33 0.85625 0.85390625 0.2875 0.2921875
33 0.559375 0.86640625 0.4 0.2671875