33 0.49609375 0.7984375 0.1890625 0.3203125
33 0.2515625 0.57890625 0.26953125 0.30390625
33 0.371875 0.171875 0.196875 0.209375
33 0.6734375 0.25859375 0.2109375 0.2703125
33 0.47109375 0.43359375 0.19140625 0.31796875
33 0.06328125 0.6703125 0.1265625 0.34375
33 0.275 0.86796875 0.23359375 0.26171875
33 0.80703125 0.85390625 0.253125 0.2921875
33 0.68671875 0.5546875 0.2265625 0.29765625
33 0.89140625 0.421875 0.203125 0.28671875
33 0.15625 0.22734375 0.209375 0.20703125
33 0.92265625 0.20390625 0.15390625 0.1609375