33 0.23671875 0.04921875 0.4609375 0.0984375
33 0.1546875 0.2109375 0.309375 0.421875
36 0.76484375 0.2546875 0.4703125 0.509375
33 0.0859375 0.66796875 0.171875 0.3171875
33 0.21875 0.61328125 0.371875 0.2078125
33 0.34453125 0.8421875 0.2734375 0.315625
33 0.16796875 0.83984375 0.3359375 0.3203125
36 0.60859375 0.63984375 0.2171875 0.2609375
36 0.8984375 0.57578125 0.203125 0.1328125
36 0.9109375 0.88125 0.178125 0.2375
36 0.777397936380325 0.8631848699077315 0.18734134099925875 0.2144635840229081
36 0.60859375 0.853125 0.2171875 0.246875
36 0.534375 0.70234375 0.06875 0.2734375
36 0.7171875 0.58515625 0.178125 0.1515625
36 0.841810333835695 0.7157098859007318 0.21030994929333308 0.22721812269254435