34 0.13984375 0.1796875 0.2796875 0.359375
34 0.17109375 0.29921875 0.3234375 0.1203125
33 0.6296875 0.10390625 0.30625 0.2078125
33 0.53828125 0.2140625 0.2765625 0.290625
33 0.76796875 0.23359375 0.3328125 0.2515625
33 0.87109375 0.1453125 0.2578125 0.290625
33 0.03515625 0.678125 0.0703125 0.521875
33 0.328125 0.5421875 0.14375 0.365625
33 0.3546875 0.79375 0.090625 0.29375
33 0.25546875 0.94453125 0.2890625 0.1109375
36 0.4921875 0.534375 0.184375 0.315625
36 0.44453125 0.91484375 0.0890625 0.1703125
36 0.7375 0.88203125 0.25625 0.2359375
36 0.48125 0.8484375 0.1625 0.234375
36 0.9375 0.91328125 0.125 0.1734375
36 0.928125 0.74296875 0.14375 0.2953125
36 0.5957140384420445 0.7328091481444778 0.23899081888905727 0.2742466738647796
36 0.6100800237095175 0.517586889846108 0.226618083916172 0.2951744805034755
36 0.753125 0.3984375 0.2125 0.078125
36 0.9077135478118186 0.5362356817621641 0.16841469847574828 0.22360621120744356
36 0.7561146863755 0.5185009622563508 0.1872828731437834 0.2453395012493999
36 0.60234375 0.39296875 0.2046875 0.0671875
36 0.804439598648699 0.7712716873612415 0.17307492739850963 0.21927390871793265