34 0.271875 0.259375 0.503125 0.51875
34 0.3921875 0.40625 0.29375 0.225
34 0.76953125 0.14296875 0.4609375 0.2859375
34 0.89921875 0.38671875 0.2015625 0.2640625
34 0.7671875 0.3421875 0.409375 0.353125
34 0.64453125 0.29921875 0.2109375 0.4390625
33 0.26953125 0.87890625 0.5390625 0.2421875
33 0.32265625 0.759375 0.4328125 0.48125
36 0.8796875 0.628125 0.240625 0.21875
36 0.74609375 0.5375 0.3015625 0.0375
36 0.68984375 0.5890625 0.2578125 0.140625
36 0.7171875 0.89921875 0.325 0.2015625
36 0.91328125 0.7890625 0.1734375 0.1875
36 0.63359375 0.72265625 0.1890625 0.2359375
36 0.584375 0.83984375 0.090625 0.2015625
36 0.9046875 0.92421875 0.190625 0.1515625