34 0.20625 0.1765625 0.4125 0.353125
34 0.06640625 0.25 0.1328125 0.5
36 0.84140625 0.040625 0.1046875 0.08125
36 0.9348372812528833 0.13687800326227598 0.08741027110331814 0.08537497334499947
36 0.8676128250843732 0.18452570993795742 0.1016636858759707 0.09647610534690845
36 0.9890625 0.3296875 0.021875 0.103125
36 0.70234375 0.02578125 0.1046875 0.0515625
36 0.76171875 0.04296875 0.0984375 0.0859375
32 0.16328125 0.89609375 0.3265625 0.2078125
32 0.21484375 0.76484375 0.4296875 0.4703125
32 0.29375 0.75546875 0.271875 0.4890625
32 0.36796875 0.75 0.1234375 0.5
34 0.659375 0.82734375 0.459375 0.3453125