34 0.20546875 0.1546875 0.3890625 0.309375
33 0.2484375 0.66875 0.303125 0.503125
36 0.61953125 0.34921875 0.1609375 0.0796875
36 0.507504729771226 0.46070382310482605 0.11855368182494211 0.08334797515245515
36 0.5259138315581119 0.5496767050500737 0.13800401878308027 0.10239595760961002
36 0.66328125 0.94609375 0.1234375 0.1078125
36 0.6357676285158127 0.7823330482572812 0.14269151878308026 0.10286107822389887
36 0.7386631823564146 0.6532645924883033 0.16383168973360754 0.12518910088581664
36 0.8703243592384406 0.7145704294836246 0.14846135771838503 0.12988869883818738
36 0.94296875 0.396875 0.1140625 0.1125
36 0.8277363167293643 0.5095970449788407 0.14505251482874754 0.08442115863342466
36 0.8465446665390839 0.5892724470264697 0.11399351581733086 0.08600785453816648
36 0.7214345785923624 0.5550717507478187 0.12843801779449712 0.09677821638103268
36 0.7368593073378241 0.4562285033073549 0.10018568380210838 0.09086249269530029
36 0.8445298858930055 0.4443475475383771 0.1123036818249421 0.08272781433340341
36 0.9427684091247102 0.5638062098241515 0.08768568380210837 0.08962217105719698
36 0.93984375 0.4890625 0.1203125 0.078125
36 0.9421875 0.64296875 0.115625 0.0828125
36 0.7779789862341977 0.9116015862764171 0.14613485376405225 0.11098365863342466