34 0.26015625 0.41953125 0.5203125 0.3203125
34 0.84765625 0.203125 0.3046875 0.40625
32 0.33515625 0.746875 0.6078125 0.334375
36 0.8453125 0.9 0.19375 0.2
36 0.709375 0.88828125 0.140625 0.2234375
36 0.70234375 0.73203125 0.1265625 0.1796875
36 0.7515625 0.6078125 0.159375 0.05625
36 0.93203125 0.81640625 0.1359375 0.1828125
36 0.95078125 0.93984375 0.0984375 0.1203125
36 0.87578125 0.6140625 0.1765625 0.06875
36 0.9734375 0.6515625 0.053125 0.14375
36 0.92734375 0.69296875 0.1453125 0.1734375