36 0.434375 0.27578125 0.13125 0.25546875
36 0.49375 0.625 0.12734375 0.19765625
36 0.50625 0.45703125 0.13203125 0.19921875
36 0.55546875 0.14296875 0.13671875 0.2453125
36 0.85859375 0.27734375 0.17890625 0.20625
36 0.73828125 0.4140625 0.1328125 0.1625
36 0.63515625 0.5390625 0.1234375 0.17109375
36 0.07265625 0.34921875 0.1453125 0.209375
36 0.23359375 0.31328125 0.11953125 0.1765625
36 0.26015625 0.49296875 0.146875 0.20390625
36 0.38359375 0.06875 0.11484375 0.1375
36 0.0671875 0.77421875 0.134375 0.2328125
36 0.2515625 0.684375 0.15390625 0.184375
36 0.12421875 0.5 0.12734375 0.1546875
36 0.696875 0.8828125 0.175 0.23359375
36 0.24453125 0.88359375 0.1421875 0.2328125
36 0.53515625 0.928125 0.159375 0.14375
36 0.8734375 0.5859375 0.140625 0.1984375