36 0.3453125 0.03671875 0.25 0.0734375
36 0.6109375 0.21171875 0.05625 0.2859375
36 0.56015625 0.3078125 0.1578125 0.184375
36 0.47940650932405493 0.19857446984130753 0.187882198759889 0.20681608610630278
36 0.328125 0.371875 0.175 0.05625
36 0.2484375 0.3234375 0.165625 0.153125
36 0.58359375 0.0625 0.1109375 0.125
36 0.50625 0.0359375 0.175 0.071875
36 0.40244311285318435 0.10327065806935085 0.16456309793005186 0.20619060149734275
36 0.23390475517487014 0.16778813144722945 0.21401956888575785 0.2651082050746652
36 0.1515625 0.0984375 0.23125 0.196875
33 0.31484375 0.44765625 0.3890625 0.0953125
33 0.1140625 0.71328125 0.228125 0.3296875
33 0.16953125 0.5078125 0.2171875 0.215625
33 0.046875 0.50078125 0.09375 0.2015625
32 0.81953125 0.65234375 0.3609375 0.5046875
32 0.73515625 0.62890625 0.1921875 0.4578125