36 0.284375 0.159375 0.56875 0.31875
37 0.78515625 0.159375 0.4296875 0.31875
40 0.44296875 0.4671875 0.2515625 0.296875
40 0.09921875 0.45234375 0.1984375 0.2671875
40 0.24773375158948382 0.5287925664943971 0.2702460700661568 0.28919636691824024
40 0.36792664724655344 0.720880904618934 0.39422987328446535 0.30780824882222146
40 0.20859375 0.8875 0.3390625 0.225
40 0.10234375 0.84296875 0.2046875 0.2296875
40 0.52421875 0.76875 0.0890625 0.253125
40 0.51484375 0.9171875 0.1078125 0.165625
40 0.26875 0.36484375 0.215625 0.0921875
40 0.1109375 0.36953125 0.221875 0.1015625
40 0.30859375 0.95546875 0.2046875 0.0890625
40 0.4092514977310861 0.8942787398687486 0.20242514951546742 0.18542752648462937
37 0.784375 0.70703125 0.43125 0.5859375