36 0.0953125 0.08125 0.190625 0.1625
36 0.32890625 0.1984375 0.3609375 0.396875
37 0.7546875 0.225 0.490625 0.45
39 0.1125 0.5140625 0.109375 0.128125
39 0.18984375 0.4921875 0.0921875 0.084375
39 0.06579976975738652 0.567847737521133 0.0992467617048682 0.17335587895165805
39 0.41566780886933596 0.6053614794100209 0.0683310380191358 0.14260529742090639
39 0.36551276866457305 0.6084666799091353 0.0544477741286407 0.11189673793672501
39 0.3709683041241726 0.7270188924715246 0.052408055561980936 0.1225425066555303
39 0.48515625 0.61015625 0.0484375 0.1265625
39 0.23320438234807134 0.8802303596094647 0.08597156068105374 0.1643764538268794
39 0.92734375 0.7453125 0.1453125 0.18125
39 0.95078125 0.51015625 0.0984375 0.1203125
39 0.84140625 0.50546875 0.1734375 0.1109375