36 0.46171875 0.35390625 0.4359375 0.3296875
36 0.584375 0.12265625 0.190625 0.2453125
36 0.30625 0.1046875 0.38125 0.209375
39 0.178125 0.9046875 0.125 0.190625
39 0.07109375 0.83203125 0.1421875 0.2609375
39 0.21040640993000323 0.7337159294066196 0.12080449069063519 0.18695177879370348
39 0.29744388060950266 0.6467032364283787 0.1390817760184536 0.14796719123481453
39 0.12548706460854814 0.6386973723848605 0.12044086401972631 0.15570177879370348
39 0.95625 0.62265625 0.0875 0.2078125
39 0.8139495806015485 0.6728343838837487 0.2352124360279987 0.2266184544771292
39 0.790625 0.9171875 0.221875 0.165625