36 0.1453125 0.66484375 0.290625 0.1890625
36 0.27265625 0.71015625 0.3265625 0.0984375
36 0.2063725971668496 0.5383923647473974 0.32481593460686653 0.2231955409525815
36 0.3578125 0.29140625 0.1625 0.2671875
36 0.315625 0.10390625 0.246875 0.2078125
34 0.51796875 0.32734375 0.1578125 0.3921875
34 0.51015625 0.08984375 0.1421875 0.1796875
34 0.6609375 0.06015625 0.184375 0.1203125
34 0.65703125 0.534375 0.4359375 0.45
34 0.5949611351052037 0.2357869261473553 0.2819065437984502 0.25619937501445716
34 0.85 0.25703125 0.3 0.3703125
33 0.271875 0.94609375 0.334375 0.1078125
33 0.2453125 0.8796875 0.3875 0.240625
33 0.64453125 0.8796875 0.4109375 0.240625