37 0.74765625 0.11328125 0.4578125 0.2265625
37 0.65625 0.25 0.275 0.5
37 0.8828125 0.2421875 0.234375 0.33125
37 0.259375 0.75 0.51875 0.5
39 0.58515625 0.57890625 0.1328125 0.1578125
39 0.6727886977362173 0.6364089750123719 0.185283594568919 0.18573386137453216
39 0.5734375 0.88125 0.109375 0.178125
39 0.91953125 0.865625 0.1609375 0.159375
39 0.8265625 0.93203125 0.1625 0.1359375
39 0.728125 0.95390625 0.14375 0.0921875
39 0.6990194558404866 0.8546742961341283 0.16664001038216938 0.15983310266810485