36 0.45546875 0.403125 0.1078125 0.178125
36 0.3523631364749834 0.28978558875713223 0.21160108767505648 0.15081925469445326
36 0.33203125 0.44140625 0.2234375 0.1359375
36 0.1390625 0.4859375 0.20625 0.046875
36 0.1647797074008169 0.4031651940642698 0.1589469685684687 0.1267817706874535
36 0.03046875 0.28828125 0.0609375 0.1234375
36 0.2539341368892682 0.13794073074472366 0.14935795285270287 0.18913632001909003
36 0.4203125 0.14453125 0.178125 0.1765625
36 0.03671875 0.16875 0.0734375 0.146875
36 0.078125 0.04609375 0.15625 0.0921875
36 0.13156898531769165 0.14276349606140626 0.14993584160399784 0.1344851826861809
34 0.3609375 0.7203125 0.296875 0.421875