36 0.26953125 0.171875 0.5390625 0.34375
36 0.40859375 0.2796875 0.3828125 0.359375
37 0.784375 0.1296875 0.36875 0.259375
37 0.6609375 0.290625 0.121875 0.3375
37 0.80390625 0.31484375 0.3484375 0.2890625
37 0.9046875 0.18359375 0.190625 0.3671875
38 0.11328125 0.82421875 0.2265625 0.2953125
38 0.04140625 0.7109375 0.0828125 0.275
38 0.04375 0.57109375 0.0875 0.2234375
38 0.53359375 0.69453125 0.1328125 0.3234375
38 0.4609375 0.89140625 0.2625 0.2171875
38 0.2625 0.88671875 0.221875 0.2265625
38 0.87265625 0.83046875 0.2546875 0.2953125
38 0.94453125 0.90625 0.1109375 0.1875
38 0.7296875 0.9671875 0.225 0.065625