36 0.43984375 0.45625 0.2390625 0.325
36 0.409375 0.2734375 0.3 0.29375
36 0.23203125 0.4578125 0.3890625 0.321875
37 0.90625 0.284375 0.1875 0.56875
37 0.7796875 0.309375 0.440625 0.61875
37 0.696875 0.334375 0.275 0.56875
39 0.38968171942571567 0.7558500978933648 0.21867080199645716 0.21632585697722045
39 0.50234375 0.74921875 0.1140625 0.2171875
39 0.52421875 0.91953125 0.0703125 0.1609375
39 0.47421875 0.96796875 0.1703125 0.0640625
37 0.8078125 0.94453125 0.184375 0.1109375
37 0.978125 0.79375 0.04375 0.190625
37 0.8888719816967866 0.7278051041022826 0.16487829534092668 0.17161939273291543
37 0.95234375 0.684375 0.0953125 0.13125
37 0.8875208034520388 0.8711246694047545 0.16902435482510825 0.18281198424818434
37 0.65546875 0.68515625 0.1359375 0.1328125
37 0.70625 0.96015625 0.159375 0.0796875
37 0.6633341757481666 0.8946904887901124 0.13056511688838307 0.13625597758022465