36 0.40859375 0.37265625 0.4609375 0.3140625
36 0.28359375 0.14375 0.3703125 0.2875
31 0.81953125 0.26484375 0.3609375 0.5296875
36 0.53828125 0.60859375 0.2015625 0.1578125
36 0.4413115178548617 0.8040454432308296 0.17823671561506949 0.14619320357377177
36 0.3453125 0.6046875 0.215625 0.15
36 0.18125 0.56796875 0.21875 0.0765625
36 0.16674923536979236 0.8787138849044223 0.22115156743868072 0.17916221247102052
36 0.09375 0.725 0.1875 0.159375
36 0.09765625 0.61015625 0.1953125 0.1328125
36 0.04140625 0.90390625 0.0828125 0.1609375
36 0.40234375 0.909375 0.2984375 0.18125
36 0.33798518968260466 0.7241258384781941 0.19113675911805572 0.16389003954332715
34 0.8671875 0.76484375 0.265625 0.4703125