36 0.3140625 0.3296875 0.309375 0.178125
36 0.371875 0.1578125 0.19375 0.225
33 0.73984375 0.04375 0.5203125 0.0875
33 0.70859375 0.21484375 0.4796875 0.3296875
33 0.28046875 0.61484375 0.3765625 0.3921875
33 0.584375 0.96328125 0.23125 0.0734375
33 0.9296875 0.93828125 0.140625 0.1234375
33 0.94765625 0.74453125 0.1046875 0.1921875
33 0.85703125 0.5765625 0.2859375 0.18125
33 0.57421875 0.6015625 0.2109375 0.2
33 0.6668901710068867 0.7846530584386912 0.3089469685684687 0.13029106655636583
33 0.6847754919327201 0.9004962467502938 0.2907063908182095 0.140901284088962