36 0.16953125 0.13671875 0.3390625 0.2734375
36 0.13125 0.32734375 0.2625 0.4234375
36 0.25703125 0.4125 0.1640625 0.253125
39 0.5589559147829408 0.20242799539741255 0.17198910580511537 0.15507211433348028
39 0.6985987681409853 0.18908327848164835 0.16628474282842393 0.17004021286306975
39 0.7641146738534335 0.4380462543991439 0.14698910580511546 0.15244450845183835
39 0.6828125 0.48203125 0.1375 0.1140625
39 0.8695610872856119 0.33704203013132733 0.1514037872934609 0.14512468455464625
39 0.9765625 0.3359375 0.046875 0.146875
37 0.16953125 0.76953125 0.3390625 0.4609375
38 0.7265625 0.76953125 0.41875 0.4609375