37 0.83203125 0.4625 0.1484375 0.075
37 0.7903005884620441 0.20092322395638068 0.12180241228577451 0.1029332945496865
37 0.9828125 0.41171875 0.034375 0.0859375
37 0.8641729641954056 0.25034901017111755 0.10541430921433097 0.07834788273097573
37 0.877095741976396 0.31029796608047294 0.10651168860004212 0.07378792848861018
37 0.8185696473024656 0.11876429926079231 0.13070019371911465 0.11450852333785924
39 0.1671875 0.8515625 0.296875 0.296875
39 0.37890625 0.7296875 0.3015625 0.346875
39 0.3296875 0.95625 0.259375 0.0875
40 0.61015625 0.60625 0.1609375 0.2125
40 0.7869688066837088 0.6118134422835718 0.2032899049810748 0.20567539940087515
40 0.921875 0.7265625 0.15625 0.265625