36 0.26484375 0.6390625 0.3890625 0.35
36 0.2296875 0.41640625 0.459375 0.3984375
36 0.215625 0.18515625 0.43125 0.3703125
36 0.13359375 0.06015625 0.2671875 0.1203125
38 0.65859375 0.67109375 0.3984375 0.3359375
38 0.89765625 0.6359375 0.2046875 0.346875
38 0.8125 0.353125 0.375 0.446875
38 0.67265625 0.215625 0.4265625 0.43125
38 0.53984375 0.1734375 0.1609375 0.346875
30 0.515625 0.55078125 0.1125 0.4265625
39 0.31875 0.86640625 0.28125 0.0546875
39 0.2296875 0.91953125 0.459375 0.1609375
39 0.74140625 0.921875 0.5171875 0.15625