36 0.275 0.234375 0.328125 0.46875
40 0.81015625 0.0828125 0.2265625 0.165625
40 0.859022866264995 0.295739307313693 0.2579434122293097 0.2994062787274336
40 0.60859375 0.3953125 0.1953125 0.146875
40 0.74921875 0.4109375 0.1734375 0.115625
37 0.23122171984231737 0.6351988365352368 0.3837345619797527 0.2818687101845253
37 0.3 0.853125 0.278125 0.29375
37 0.1140625 0.76015625 0.228125 0.2765625
37 0.14375 0.928125 0.2875 0.14375
40 0.4875 0.70703125 0.096875 0.1453125
40 0.625 0.49609375 0.209375 0.0546875
40 0.5844370291187027 0.7257229389260764 0.1324193481695776 0.13669490514873245
40 0.5483512404333062 0.8430168547393269 0.15575300457555094 0.15359397881213824
40 0.52890625 0.50703125 0.1796875 0.0765625