40 0.809375 0.03828125 0.290625 0.0765625
40 0.921875 0.24296875 0.15625 0.3328125
40 0.74375 0.1609375 0.253125 0.321875
40 0.57734375 0.03515625 0.1359375 0.0703125
40 0.459375 0.5296875 0.1 0.18125
40 0.13203125 0.48515625 0.2640625 0.0921875
40 0.3046875 0.54609375 0.234375 0.2140625
40 0.35625 0.72265625 0.30625 0.2296875
40 0.22163697761030451 0.896238811813566 0.3387769742194024 0.19841972490439802
40 0.1109375 0.821875 0.221875 0.184375
40 0.3078125 0.95859375 0.18125 0.0828125
40 0.41796875 0.8984375 0.1828125 0.15625
38 0.8265625 0.71953125 0.346875 0.5609375