36 0.18046875 0.2796875 0.3609375 0.559375
36 0.40703125 0.2796875 0.2640625 0.559375
36 0.79765625 0.5109375 0.2546875 0.096875
36 0.58359375 0.36796875 0.0890625 0.2140625
36 0.7860122272850474 0.2991682367284893 0.12800600574944418 0.1640226907221905
36 0.61171875 0.165625 0.1453125 0.2
36 0.60078125 0.04453125 0.1234375 0.0890625
36 0.93125 0.07421875 0.1375 0.1484375
36 0.91171875 0.28515625 0.1765625 0.2796875
36 0.7389601529684731 0.18278189136739398 0.14615041300675885 0.17566052768032883
34 0.253125 0.6640625 0.50625 0.209375
34 0.18984375 0.85546875 0.3796875 0.2890625
34 0.809375 0.9203125 0.259375 0.159375
34 0.7184132071155102 0.7477967377170724 0.14824059330833314 0.14616402866891215
34 0.58515625 0.86796875 0.0921875 0.2359375