36 0.43046875 0.03203125 0.1359375 0.0640625
36 0.2300820709240682 0.10844693472321207 0.1544624363558597 0.20635495776545093
36 0.11015625 0.07109375 0.1359375 0.1421875
36 0.159375 0.2734375 0.178125 0.190625
36 0.5299436819891147 0.2339503797580063 0.16427503327765186 0.21158848933548208
36 0.3828125 0.3046875 0.146875 0.128125
36 0.26640625 0.31015625 0.1203125 0.1171875
36 0.05234375 0.30078125 0.1046875 0.1359375
36 0.56875 0.340625 0.153125 0.05625
36 0.5578125 0.06875 0.196875 0.1375
36 0.35964471630675626 0.09390775063528452 0.15212858610630278 0.1813549577654509
34 0.859375 0.184375 0.28125 0.36875
31 0.359375 0.684375 0.71875 0.63125
33 0.8889354299091352 0.9147460824735468 0.09852396713794036 0.15647678413027996