37 0.5439702521412993 0.1916864623677247 0.1178147347764936 0.11327059553293921
37 0.66796875 0.515625 0.1203125 0.046875
37 0.3901559474937898 0.4833025357747577 0.10055451190385671 0.0999700748547749
37 0.8784083637740094 0.05263880914351837 0.0989738311856975 0.09677230024766903
38 0.23671875 0.784375 0.1640625 0.175
38 0.11191627624360026 0.8629664569910412 0.1650533491396784 0.17795383374611512
38 0.28828125 0.7859375 0.0609375 0.178125
38 0.24921875 0.665625 0.1390625 0.16875
38 0.0625 0.65234375 0.125 0.1765625
38 0.1921875 0.928125 0.153125 0.14375
40 0.68203125 0.76953125 0.6359375 0.4609375
40 0.46484375 0.81875 0.2921875 0.3625
40 0.390625 0.73125 0.14375 0.384375