36 0.11015625 0.15625 0.2203125 0.3125
36 0.2796875 0.18046875 0.375 0.3609375
36 0.509375 0.18125 0.340625 0.3625
36 0.63671875 0.2390625 0.0859375 0.4
39 0.83984375 0.246875 0.3203125 0.384375
39 0.83984375 0.1484375 0.3203125 0.296875
39 0.43671875 0.7302088054063823 0.3703125 0.37409475576575124
39 0.5703125 0.5265625 0.21875 0.175
39 0.12265625 0.61875 0.2453125 0.303125
38 0.86953125 0.9296875 0.2609375 0.140625
38 0.78828125 0.79296875 0.2171875 0.3421875
38 0.8875 0.71171875 0.225 0.3734375
38 0.7640625 0.5953125 0.16875 0.3125
38 0.89296875 0.72109375 0.2140625 0.3671875