36 0.30703125 0.1296875 0.5234375 0.259375
39 0.5046875 0.5421875 0.128125 0.28125
39 0.51484375 0.81796875 0.1078125 0.2078125
39 0.39432293334499774 0.6845808757731519 0.16449221741393635 0.25325203000581914
39 0.41640625 0.35078125 0.1671875 0.1828125
39 0.53515625 0.34921875 0.0671875 0.1796875
39 0.3324782134596036 0.4280281157712122 0.12759971247102042 0.22688097758022466
39 0.4390625 0.915625 0.1125 0.16875
39 0.12184711958138306 0.36100075712700175 0.06596719269935694 0.12841178454774682
39 0.22594171197672885 0.4123237542520638 0.05570085475263546 0.10577151000193971
39 0.17497211958138306 0.3653373128865759 0.059971860684134536 0.13415160151720879
39 0.06320429003761859 0.3741227683368894 0.06233285672980182 0.11565669303247779
39 0.12743522779405964 0.47903328000581896 0.07228085969555131 0.13048446757828494
39 0.1544990879839025 0.6081626706127026 0.058825854752635465 0.10602660151720862
39 0.20075466406762593 0.5776778162205558 0.046516855741218596 0.10969373545613248
39 0.10901283304098666 0.5810901165201182 0.0433918557412186 0.1094386439408634
39 0.1255875207974277 0.6821104825811946 0.05206651878308035 0.09301641848667064
37 0.7265625 0.68671875 0.315625 0.6265625