37 0.34609375 0.11484375 0.2265625 0.2296875
37 0.38125 0.4609375 0.15625 0.315625
38 0.625 0.1453125 0.33125 0.290625
38 0.89765625 0.14765625 0.2046875 0.2953125
38 0.6789083590347003 0.3221075259389119 0.2846286304725 0.34836696403563466
38 0.74140625 0.54921875 0.2234375 0.1796875
38 0.5671875 0.5375 0.215625 0.203125
38 0.9109375 0.44453125 0.178125 0.2171875
40 0.409375 0.67421875 0.1 0.0703125
40 0.26796875 0.9390625 0.2078125 0.121875
40 0.1296875 0.728125 0.209375 0.178125
40 0.07734375 0.86328125 0.1546875 0.2171875
40 0.33342348318567866 0.8008581399188675 0.21862649136212653 0.17116811736154425
40 0.40234375 0.9171875 0.1140625 0.165625
38 0.81484375 0.81953125 0.3703125 0.3609375