37 0.128125 0.33203125 0.25625 0.2734375
37 0.2073244655167843 0.1886063246340015 0.3493754576242766 0.2882476240451798
37 0.484375 0.14609375 0.23125 0.2796875
37 0.328125 0.04296875 0.321875 0.0859375
37 0.25859375 0.5265625 0.3015625 0.184375
37 0.47109375 0.32578125 0.2578125 0.2765625
37 0.70703125 0.565625 0.2140625 0.10625
37 0.70234375 0.4640625 0.2046875 0.309375
37 0.740625 0.27578125 0.28125 0.3171875
37 0.72265625 0.10078125 0.2453125 0.2015625
37 0.859375 0.509375 0.28125 0.21875
37 0.89140625 0.3609375 0.2171875 0.3
37 0.88828125 0.13984375 0.2234375 0.2796875
37 0.88671875 0.03828125 0.2265625 0.0765625
38 0.296875 0.665625 0.2 0.09375
38 0.48359375 0.6734375 0.2328125 0.109375
38 0.4359375 0.865625 0.26875 0.26875
38 0.26035408611171384 0.8595358952896384 0.23009483660582397 0.2509465240292713
38 0.14505603882725432 0.7725364293045922 0.20852367349399667 0.20229084802672617
38 0.07734375 0.6953125 0.1546875 0.153125
38 0.06796875 0.6453125 0.1359375 0.053125
38 0.81875 0.78359375 0.3625 0.3296875