37 0.2109375 0.425 0.421875 0.45
37 0.26796875 0.21015625 0.5359375 0.4203125
37 0.26953125 0.0578125 0.5390625 0.115625
39 0.73125 0.04296875 0.303125 0.0859375
39 0.712331593745469 0.3389681636059375 0.3039819366867495 0.24559801024099492
39 0.57109375 0.3515625 0.0640625 0.21875
39 0.5828125 0.5484375 0.0875 0.203125
39 0.89921875 0.56875 0.2015625 0.1625
39 0.95390625 0.421875 0.0921875 0.2125
39 0.64140625 0.4828125 0.2046875 0.203125
39 0.8796321420411857 0.2909038479762137 0.23263304220663664 0.18212777346576187
37 0.2765625 0.90859375 0.525 0.1828125
37 0.06015625 0.88203125 0.1203125 0.2359375
37 0.14140625 0.78203125 0.2828125 0.2640625
37 0.36875 0.825 0.340625 0.35