37 0.55625 0.40625 0.10625 0.11875
37 0.5530371745986128 0.5913039985914874 0.08870976842611089 0.10637201680591417
37 0.49375 0.61796875 0.071875 0.0640625
37 0.24259441795421405 0.28620934440969314 0.0949597684261109 0.10662668479069151
37 0.02421875 0.5203125 0.0484375 0.090625
38 0.76328125 0.04765625 0.3078125 0.0953125
38 0.76640625 0.303125 0.3140625 0.559375
38 0.89140625 0.36796875 0.2171875 0.5640625
37 0.3046875 0.79609375 0.609375 0.2921875
37 0.3203125 0.90078125 0.578125 0.1984375
40 0.89375 0.68203125 0.203125 0.0640625
40 0.7791846117809268 0.7610435652464895 0.26564270678620333 0.1711878863872971
40 0.87109375 0.96171875 0.2578125 0.0765625