37 0.09453125 0.071875 0.1890625 0.14375
37 0.09609375 0.2890625 0.1921875 0.159375
37 0.3125 0.19921875 0.3125 0.3390625
37 0.50390625 0.20859375 0.1109375 0.3203125
37 0.8765625 0.07890625 0.246875 0.1578125
37 0.7796875 0.2046875 0.440625 0.328125
36 0.31953125 0.58671875 0.4796875 0.4359375
36 0.08203125 0.54296875 0.1640625 0.3484375
36 0.17109375 0.821875 0.3421875 0.35625
37 0.93984375 0.4171875 0.1203125 0.096875
37 0.63125 0.65078125 0.14375 0.2109375
37 0.77421875 0.39921875 0.1578125 0.0609375
37 0.8515625 0.43828125 0.115625 0.1390625
37 0.63828125 0.48046875 0.1578125 0.1828125
37 0.61796875 0.39609375 0.1171875 0.0546875
37 0.94765625 0.540625 0.1046875 0.196875
37 0.9765625 0.69375 0.046875 0.175
37 0.8513864622432028 0.6655468151721274 0.1461359339354164 0.1635425296574951
37 0.752199939377712 0.5584930019399853 0.11737601687504098 0.18889535672980173
37 0.7452084172300115 0.895975755894318 0.1418303798517325 0.17428902866891213
37 0.91015625 0.9234375 0.1234375 0.153125
37 0.9025174310250096 0.7855118052862956 0.15071430653075488 0.16060853064607833
37 0.97265625 0.8484375 0.0546875 0.178125
37 0.60390625 0.9296875 0.0890625 0.140625
37 0.57734375 0.76328125 0.0359375 0.1390625
37 0.77109375 0.97890625 0.1390625 0.0421875
37 0.7843205025318888 0.761380580000875 0.12171628729346091 0.13446252471457926