37 0.38203125 0.2328125 0.4546875 0.465625
39 0.7320705367017364 0.34178477394972956 0.1842514913621267 0.17076812802354446
39 0.81953125 0.42421875 0.1390625 0.1109375
39 0.8384335533591741 0.19590810526736666 0.13328976866002265 0.17954314401654478
39 0.10125943013104628 0.670608660606321 0.19779235965300898 0.21152039735836253
39 0.10546875 0.53203125 0.1578125 0.1046875
40 0.7852560934569965 0.759898427275639 0.19969721622369896 0.11942380402608972
40 0.90390625 0.50703125 0.1921875 0.0546875
40 0.9379305104835746 0.7510854065881855 0.11884773442229637 0.1247283746817267
40 0.93046875 0.8703125 0.1390625 0.1375
40 0.640625 0.5140625 0.0625 0.06875
40 0.70546875 0.82578125 0.1921875 0.1109375
40 0.8125 0.5265625 0.184375 0.09375