37 0.2455106978669721 0.13569462338008983 0.1289112398605413 0.14738528896022593
37 0.17805041023600374 0.25235601786020273 0.12302187278026225 0.13011596834337488
37 0.0375 0.37265625 0.075 0.1140625
37 0.01875 0.17578125 0.0375 0.1234375
37 0.0328125 0.03984375 0.065625 0.0796875
37 0.14921875 0.01484375 0.1171875 0.0296875
37 0.1796875 0.04765625 0.1125 0.0953125
37 0.2851202290416527 0.3503650495168279 0.09758483020561534 0.12342959172016936
37 0.38203125 0.22109375 0.0359375 0.1046875
37 0.14765625 0.40859375 0.1109375 0.0421875
39 0.68046875 0.21484375 0.5609375 0.4296875
39 0.81171875 0.2609375 0.3765625 0.3375
39 0.2546875 0.90234375 0.290625 0.1953125
39 0.18125 0.709375 0.3625 0.328125
39 0.0671875 0.834375 0.134375 0.284375
39 0.80234375 0.7046875 0.3953125 0.55
39 0.58203125 0.71484375 0.3640625 0.5703125