37 0.0296875 0.1765625 0.059375 0.190625
37 0.384375 0.27109375 0.1375 0.1171875
37 0.25 0.275 0.13125 0.109375
37 0.08515625 0.27734375 0.1203125 0.1046875
39 0.81484375 0.16484375 0.3703125 0.3296875
39 0.62109375 0.2421875 0.1828125 0.175
38 0.46875 0.90703125 0.121875 0.1859375
38 0.15859375 0.48125 0.3171875 0.175
38 0.165625 0.8921875 0.259375 0.215625
38 0.34296875 0.746875 0.3734375 0.18125
38 0.3018775342423862 0.6134661199694178 0.3328861228251613 0.1621812539567289
38 0.484375 0.509375 0.090625 0.175
38 0.05390625 0.715625 0.1078125 0.190625
39 0.8125 0.859375 0.375 0.28125
39 0.709375 0.48125 0.359375 0.303125