37 0.19453125 0.30078125 0.3890625 0.4765625
39 0.53203125 0.28125 0.2859375 0.49375
39 0.76875 0.2375 0.4625 0.475
37 0.021875 0.565625 0.04375 0.053125
37 0.20868807467174005 0.6344411284633076 0.05385417549789597 0.06712531551854858
37 0.32376992684865835 0.6892997761934518 0.04922123920022674 0.06855142319868043
37 0.2448637099657681 0.9328475362225817 0.047440484390903495 0.062255959092058076
37 0.26518858973268256 0.777347693981856 0.0431349303072194 0.07305706677218966
37 0.22814989200226793 0.7224185015828457 0.04453373920022692 0.06841503087881229
37 0.20172629045832197 0.792671165610326 0.036612111795565026 0.06506271034569906
37 0.07630959509016008 0.5759573755603136 0.046205366604888456 0.07158549498543501
37 0.3796875 0.821875 0.01875 0.05625
37 0.36875 0.8578125 0.040625 0.053125
39 0.6286111942718534 0.8577887340983754 0.21410717313564334 0.231001262074194
39 0.89140625 0.61328125 0.2078125 0.1484375
39 0.7125 0.6625 0.2125 0.246875
39 0.60859375 0.609375 0.1765625 0.140625
39 0.90703125 0.75546875 0.1859375 0.1421875
39 0.92421875 0.96796875 0.1515625 0.0640625