37 0.3828125 0.2921875 0.1125 0.121875
37 0.41171875 0.0375 0.0546875 0.075
37 0.3306618433720437 0.09453125 0.14347837468172653 0.1109375
37 0.3643288660486796 0.16796875 0.13250451201463562 0.1078125
40 0.52578125 0.0921875 0.1734375 0.184375
40 0.7609375 0.10390625 0.375 0.2078125
40 0.6578125 0.33359375 0.228125 0.0703125
40 0.81640625 0.25703125 0.2421875 0.2234375
40 0.5359375 0.25 0.19375 0.2375
39 0.21953125 0.51953125 0.4390625 0.3015625
39 0.21953125 0.71953125 0.4390625 0.5609375
37 0.5234375 0.86328125 0.16875 0.2734375
37 0.7090793867361331 0.75703125 0.3695703493793615 0.3390625
37 0.80078125 0.51171875 0.3984375 0.2859375