37 0.109375 0.1578125 0.21875 0.196875
37 0.02578125 0.0890625 0.0515625 0.178125
37 0.0796875 0.0390625 0.159375 0.078125
37 0.3791295751350342 0.11666740875715761 0.186667464665139 0.1666885720123153
37 0.4796875 0.0265625 0.2 0.053125
37 0.5625 0.28828125 0.075 0.1421875
37 0.37785409660218683 0.30574808947531695 0.2138482137152085 0.19340560811666876
37 0.1807069928787146 0.2827231590517453 0.15672539152687506 0.1555783551898024
37 0.053125 0.28671875 0.10625 0.1921875
37 0.484375 0.425 0.14375 0.028125
37 0.51171875 0.371875 0.1515625 0.134375
37 0.51640625 0.13359375 0.1671875 0.1578125
37 0.26484375 0.053125 0.1484375 0.10625
37 0.8 0.21953125 0.4 0.4390625