37 0.32109375 0.1515625 0.3765625 0.303125
37 0.1859375 0.27421875 0.371875 0.3546875
37 0.296875 0.4140625 0.303125 0.13125
33 0.77265625 0.15546875 0.4421875 0.3109375
39 0.41640625 0.5734375 0.1859375 0.1875
39 0.42578125 0.73671875 0.1671875 0.1953125
39 0.4171875 0.87421875 0.184375 0.1859375
39 0.2546928984241936 0.7466321846486116 0.20202538743822968 0.21359364057694458
39 0.1640625 0.91484375 0.209375 0.1703125
39 0.05546875 0.58359375 0.1109375 0.2078125
39 0.09375 0.9765625 0.1875 0.046875
39 0.29375 0.9546875 0.2 0.090625
39 0.15159321091696504 0.6109472981557296 0.19767216375249727 0.1854322729857639
38 0.7546875 0.86015625 0.490625 0.2796875
38 0.70078125 0.5765625 0.3828125 0.19375
38 0.7546875 0.68125 0.490625 0.403125