37 0.21953125 0.209375 0.4390625 0.41875
37 0.6356061841212173 0.21556535471576357 0.07704310124083733 0.05626858883351815
37 0.58671875 0.021875 0.0546875 0.04375
37 0.8928670270641813 0.2736431747323754 0.06890281930985225 0.05108044108527139
37 0.9558636898212004 0.12465376464562769 0.07057457995351371 0.052743070634920744
37 0.80703125 0.02265625 0.0578125 0.0453125
37 0.88203125 0.009375 0.0640625 0.01875
37 0.6218985992240249 0.15347636489479638 0.07170003737886681 0.0465932001845701
37 0.8024930353620544 0.17446639265411754 0.07348105866619017 0.049818329734219444
37 0.7685604317754287 0.13226959823735845 0.07762225544788173 0.042306218383167504
37 0.9510562215000841 0.1934037646456277 0.07170003737886681 0.0465932001845701
37 0.72109375 0.4078125 0.0765625 0.021875
37 0.8296954016860288 0.3802448257198246 0.08205838317182242 0.06125647748246603
37 0.184375 0.678125 0.36875 0.51875
38 0.85 0.684375 0.3 0.53125
38 0.675 0.66875 0.23125 0.5