37 0.0875 0.2453125 0.175 0.490625
37 0.2421875 0.24765625 0.334375 0.4953125
39 0.94609375 0.38828125 0.1078125 0.2421875
39 0.8453125 0.45859375 0.275 0.1015625
39 0.8436859006593987 0.35417398383648047 0.24114984618305532 0.23972404721981438
39 0.7452962102730561 0.2550345633368511 0.20134505240361059 0.24554482026407376
39 0.5380510553248155 0.32034933063166626 0.21259561922731454 0.19691183063166626
39 0.5828125 0.446875 0.18125 0.125
36 0.2046875 0.7546875 0.409375 0.490625
36 0.3625 0.78203125 0.09375 0.4359375
38 0.8203125 0.7296875 0.359375 0.440625
38 0.76953125 0.878125 0.4609375 0.24375
38 0.5484375 0.75234375 0.278125 0.3734375
30 0.5375 0.5640625 0.25625 0.109375
38 0.7640625 0.60234375 0.353125 0.1859375