37 0.203125 0.190625 0.30625 0.38125
37 0.11015625 0.43125 0.2203125 0.275
37 0.3375 0.38203125 0.084375 0.2484375
37 0.5969022226458329 0.07075171450821394 0.05011040919430556 0.07554537427505377
37 0.39921875 0.05546875 0.0390625 0.0671875
37 0.681781143239305 0.31075956263875854 0.04524107123840295 0.06737767676456467
37 0.5408457122935063 0.4017658387832677 0.04683993882958326 0.06905857593472753
37 0.42364264133944385 0.2772888248858205 0.04029899810013902 0.05608497925407559
37 0.40465494557600634 0.35593496575761374 0.04200696846486114 0.06245337842423861
37 0.5345476930105552 0.06923768131473489 0.040626306420763925 0.07014747925407558
37 0.5742063390027425 0.2417037545501702 0.04378767401194459 0.07194677759440164
37 0.5287672056439925 0.21707153006997942 0.03608427678548622 0.07604228174358649
37 0.6083241530229507 0.38417467446625764 0.040626306420763925 0.07014747925407558
37 0.8127077541809719 0.11366922985555358 0.04386040919430556 0.07507177759440165
37 0.780419971411562 0.227637564088651 0.053344511967847195 0.08046967261537966
38 0.08203125 0.91015625 0.1640625 0.1796875
38 0.23125 0.746875 0.296875 0.35625
38 0.26640625 0.95 0.2265625 0.1