37 0.4188545427286593 0.3060818794621186 0.19925508930724706 0.17940047853284752
37 0.5421875 0.46328125 0.171875 0.0734375
37 0.27248777694364373 0.3073690096867366 0.18493498407381015 0.14785953780340294
37 0.13161287698599605 0.3486817278672573 0.23931864718563745 0.19749716831236128
37 0.084375 0.0796875 0.16875 0.15625
39 0.875 0.25 0.25 0.5
39 0.78515625 0.25 0.0703125 0.5
37 0.12109375 0.6421875 0.2421875 0.284375
37 0.48203125 0.56640625 0.5359375 0.1328125
39 0.890625 0.95078125 0.21875 0.0984375
39 0.90390625 0.67421875 0.1921875 0.1953125