37 0.31953125 0.18984375 0.2609375 0.3796875
37 0.225 0.18984375 0.45 0.3796875
36 0.68125 0.18984375 0.4625 0.3796875
36 0.853125 0.14765625 0.29375 0.2953125
36 0.8515625 0.24609375 0.296875 0.2671875
40 0.16953125 0.68984375 0.3390625 0.6203125
40 0.225 0.4484375 0.45 0.1375
40 0.3546875 0.56484375 0.190625 0.3703125
38 0.909375 0.59296875 0.18125 0.4203125
38 0.7859375 0.54296875 0.35625 0.3265625
38 0.58671875 0.53828125 0.2734375 0.3171875
52 0.8171875 0.915625 0.240625 0.16875
52 0.6212344887412239 0.796907944093024 0.2562340080362711 0.29230401317159116
52 0.70390625 0.953125 0.2484375 0.09375
30 0.5421875 0.9671875 0.184375 0.065625