37 0.2328125 0.2015625 0.465625 0.403125
37 0.271875 0.521875 0.475 0.334375
38 0.87421875 0.58046875 0.2515625 0.2171875
38 0.89765625 0.3671875 0.2046875 0.2375
38 0.89140625 0.14296875 0.2171875 0.2015625
39 0.8938208205742042 0.8443551578695182 0.12056209064767139 0.08977474025173784
39 0.7439055062408005 0.7455176840140272 0.1221124926953002 0.10539974025173784
39 0.6342797990050999 0.7750769746806835 0.10976753290006318 0.10601504689043359
39 0.8619336294146258 0.7609748954219635 0.11901168860004212 0.07414974025173766
39 0.8351484338837931 0.9511272213566911 0.10212217105719708 0.09147895020978147
39 0.7039055994480081 0.850087707459244 0.11085281433340359 0.11695254689043359
39 0.7422813998909165 0.927466423641065 0.11462217105719716 0.09242614357108572