37 0.38671875 0.52421875 0.0859375 0.0703125
37 0.33984375 0.13359375 0.1796875 0.1515625
37 0.0625 0.47890625 0.125 0.1296875
37 0.07578125 0.25390625 0.1515625 0.1515625
37 0.04375 0.38203125 0.0875 0.1234375
37 0.2171875 0.52421875 0.146875 0.0703125
37 0.41015625 0.375 0.0390625 0.11875
37 0.4015625 0.046875 0.05625 0.09375
37 0.19979706072098774 0.15436761104651026 0.14027493145709152 0.1366360117201923
37 0.2932916425592501 0.4200147925710578 0.15122784200867018 0.11087454811738695
37 0.3307832082595611 0.3242121368032467 0.16233194198043535 0.14116282541528272
37 0.19321604784915677 0.45444795419896505 0.11327281570031111 0.1006589389258032
37 0.13490228988606195 0.3865781361849378 0.12006884727034191 0.11043445712440043
37 0.7234375 0.4328125 0.553125 0.253125
37 0.69765625 0.23359375 0.5359375 0.3671875
39 0.021875 0.8171875 0.04375 0.078125