37 0.5046875 0.46640625 0.0828125 0.12578125
37 0.5234375 0.59453125 0.08515625 0.10703125
37 0.1515625 0.67578125 0.08203125 0.134375
37 0.6265625 0.76328125 0.07890625 0.10859375
37 0.59296875 0.87265625 0.0796875 0.10078125
37 0.7359375 0.584375 0.06484375 0.10703125
37 0.7828125 0.42265625 0.07421875 0.1234375
37 0.665625 0.33203125 0.0703125 0.125
37 0.60859375 0.3890625 0.07265625 0.1125
37 0.7390625 0.921875 0.07734375 0.121875
37 0.9171875 0.82421875 0.08203125 0.1328125
37 0.96484375 0.646875 0.06953125 0.134375
37 0.2296875 0.403125 0.07734375 0.1
37 0.3828125 0.65234375 0.05546875 0.11015625
37 0.2609375 0.47890625 0.0546875 0.090625
37 0.31796875 0.49609375 0.04921875 0.0921875
37 0.2765625 0.7828125 0.06484375 0.09921875
37 0.190625 0.87734375 0.06484375 0.09453125
37 0.13984375 0.42421875 0.08671875 0.10703125
37 0.47578125 0.784375 0.07421875 0.0984375