37 0.284375 0.29296875 0.15 0.3328125
37 0.60078125 0.2296875 0.4828125 0.459375
37 0.8359375 0.11875 0.328125 0.2375
38 0.1796875 0.903125 0.359375 0.19375
38 0.1796875 0.7421875 0.359375 0.4375
38 0.065625 0.62734375 0.13125 0.3359375
39 0.44140625 0.8640625 0.1640625 0.271875
39 0.7082553985215672 0.6557543112780649 0.22274614436493217 0.30217397483619673
39 0.8732679477427796 0.8522862122509995 0.1972005750854599 0.2829875982129912
39 0.95703125 0.70390625 0.0859375 0.2734375
39 0.8749200612954062 0.6407038299457513 0.18508100831326998 0.24217168344033874
39 0.5671875 0.5625 0.1625 0.20625