37 0.06015625 0.03671875 0.1203125 0.0734375
37 0.01484375 0.13203125 0.0296875 0.1109375
37 0.3874675734115421 0.2903082573266705 0.13485449710451575 0.11169199980360815
37 0.15234375 0.0171875 0.1234375 0.034375
36 0.7296875 0.14921875 0.540625 0.2984375
36 0.89140625 0.24296875 0.2171875 0.3140625
36 0.665625 0.32734375 0.4125 0.1453125
40 0.9765625 0.53828125 0.046875 0.2328125
40 0.8725983221686878 0.6203871636479411 0.202992375102444 0.19956470452587247
40 0.8734375 0.90703125 0.1875 0.1859375
40 0.7016886627392284 0.5838916483262389 0.19169531017246655 0.25885789129415604
40 0.714368329407398 0.8985763170423455 0.20629715756743253 0.1699044756031114
40 0.5328125 0.78359375 0.146875 0.2546875
40 0.54609375 0.965625 0.1734375 0.06875