37 0.225 0.228125 0.35 0.45625
37 0.2 0.440625 0.4 0.2375
37 0.46171875 0.0921875 0.1234375 0.11875
37 0.4390625 0.025 0.078125 0.05
37 0.6957762398351045 0.36726743870459366 0.16853440729444458 0.12981919530200425
37 0.5681798763279866 0.4608847095542762 0.14669577488562507 0.13074519780928676
37 0.5676324028291323 0.3365977633943421 0.14655030452090276 0.12449519780928675
37 0.6796875 0.5234375 0.159375 0.071875
37 0.7642677474345488 0.15263062569332764 0.18463218597979178 0.15058633636823107
37 0.6854725598392364 0.26046350923770706 0.1636650693385418 0.12187030298213611
37 0.8457606688810422 0.49658756268206156 0.14484233415618064 0.11819973370266404
37 0.9202443372903127 0.10274898297774815 0.1389923776591669 0.13520537727617327
37 0.54140625 0.01796875 0.1265625 0.0359375
37 0.6183720595548959 0.0646258235026143 0.13088893692972228 0.12247805674305985
37 0.5807298552420836 0.2275493723281153 0.11642639342673622 0.10488137978345566
37 0.9359375 0.39453125 0.128125 0.1109375
37 0.96171875 0.3140625 0.0765625 0.140625
37 0.8441598416587157 0.3942210806287503 0.11162979065319441 0.1000574874635877
37 0.8054045065526045 0.30778948713438326 0.11966049620027777 0.1096598079967011
40 0.16171875 0.86640625 0.3234375 0.2671875