37 0.15589526970062986 0.1869837839239592 0.2593502404661711 0.3284205983942421
37 0.88203125 0.38359375 0.2359375 0.2921875
37 0.88203125 0.05703125 0.2359375 0.1140625
37 0.89921875 0.178125 0.2015625 0.2625
37 0.748829270248784 0.27581243984865383 0.27724706859647236 0.3498345234403846
37 0.18984375 0.76484375 0.3796875 0.4703125
39 0.49609375 0.58359375 0.1515625 0.1078125
39 0.58984375 0.61328125 0.1421875 0.1671875
39 0.47193693195168185 0.6834258783130316 0.1557837524470708 0.17523743676633483
39 0.4265625 0.5984375 0.09375 0.1375
39 0.67890625 0.57109375 0.1171875 0.0828125