37 0.4865428910659254 0.1404110091749561 0.3475119551604493 0.27198732719655005
37 0.20625 0.1140625 0.28125 0.228125
37 0.47109375 0.04296875 0.3171875 0.0859375
37 0.01171875 0.21171875 0.0234375 0.0890625
39 0.909375 0.3109375 0.18125 0.096875
39 0.86875 0.2578125 0.1 0.203125
39 0.959375 0.23671875 0.08125 0.1796875
39 0.909375 0.11875 0.18125 0.215625
38 0.434375 0.6796875 0.76875 0.640625
36 0.909375 0.86640625 0.18125 0.2671875
36 0.909375 0.70546875 0.18125 0.3015625
36 0.909375 0.525 0.18125 0.33125