37 0.13203125 0.18984375 0.2640625 0.3796875
37 0.32578125 0.125 0.6265625 0.25
37 0.353125 0.22890625 0.571875 0.3015625
40 0.74375 0.2859375 0.209375 0.1875
40 0.72109375 0.0765625 0.1640625 0.153125
40 0.89609375 0.2328125 0.2078125 0.234375
39 0.60625 0.78984375 0.065625 0.1703125
39 0.5307575975550091 0.8268774577780327 0.1855223960668953 0.18323272046570543
39 0.455039346806103 0.5875838365218946 0.16536939273291545 0.16429483277853763
39 0.5329567948395506 0.5106269731690728 0.15730180121764636 0.16044050457555095
39 0.35473684468007105 0.7073215621875487 0.1664217097023773 0.15819069841913488
39 0.16761999770479022 0.8394221104406487 0.16122402667183913 0.15150310149734275
39 0.19419808634512137 0.735630815307518 0.16967425546001183 0.16004492970032952
37 0.88515625 0.5765625 0.2296875 0.39375