37 0.5328125 0.9125 0.14453125 0.17421875
37 0.79140625 0.66875 0.1171875 0.18046875
37 0.23203125 0.575 0.12578125 0.18515625
37 0.334375 0.91484375 0.1234375 0.1703125
37 0.4234375 0.8453125 0.078125 0.17421875
37 0.22265625 0.74609375 0.12421875 0.15625
37 0.04296875 0.76875 0.08515625 0.19296875
37 0.1546875 0.8984375 0.12578125 0.18203125
37 0.56484375 0.7375 0.12109375 0.1703125
37 0.6375 0.59453125 0.109375 0.1515625
37 0.46171875 0.596875 0.1171875 0.13828125
37 0.34765625 0.6875 0.0796875 0.17265625
37 0.39296875 0.353125 0.11015625 0.15078125
37 0.5640625 0.33046875 0.084375 0.17734375
37 0.53125 0.4859375 0.121875 0.13359375
37 0.65390625 0.440625 0.10546875 0.15703125
37 0.86953125 0.478125 0.1421875 0.1921875
37 0.7703125 0.375 0.09453125 0.1203125
37 0.790625 0.84140625 0.1125 0.16875
37 0.89296875 0.775 0.1 0.19296875
37 0.95859375 0.6171875 0.0828125 0.1625
37 0.96640625 0.9 0.0671875 0.2
37 0.8734375 0.9390625 0.1125 0.12109375
37 0.75 0.50859375 0.096875 0.15078125
37 0.67265625 0.06796875 0.09765625 0.1359375
37 0.575 0.1046875 0.08203125 0.12734375
37 0.346875 0.06796875 0.090625 0.1359375
37 0.2265625 0.26484375 0.128125 0.1703125
37 0.15625 0.45078125 0.115625 0.1125
37 0.071875 0.60234375 0.1375 0.1484375
37 0.12265625 0.0875 0.090625 0.115625
37 0.22578125 0.11171875 0.096875 0.1171875
37 0.440625 0.22265625 0.11171875 0.125
37 0.4109375 0.4921875 0.096875 0.1140625
37 0.6390625 0.196875 0.09296875 0.12734375
37 0.7765625 0.24921875 0.07578125 0.1265625
37 0.94453125 0.14609375 0.0703125 0.12421875
37 0.86015625 0.08984375 0.065625 0.08515625