37 0.38359375 0.13203125 0.0515625 0.1359375
37 0.12265625 0.36015625 0.1609375 0.0796875
37 0.0296875 0.34765625 0.059375 0.1046875
37 0.15705144973176877 0.1627462548381488 0.17612142619541976 0.13639106826055974
37 0.0957715864646497 0.27363127595542336 0.15747784200867015 0.11039001038216938
37 0.30332023400322294 0.10742025995864632 0.13191639988706055 0.12603042093374794
37 0.0296875 0.0796875 0.059375 0.1125
37 0.0203125 0.24375 0.040625 0.096875
37 0.35625 0.37421875 0.10625 0.0515625
37 0.37578125 0.31484375 0.0671875 0.1296875
37 0.2734375 0.37734375 0.10625 0.0453125
37 0.22208345748310218 0.31680369425833543 0.11327281570031093 0.10002936305535748
39 0.93828125 0.20625 0.1234375 0.15625
39 0.78515625 0.353125 0.1359375 0.09375
39 0.8231377232681177 0.25917247575777935 0.14570588410204505 0.12216196828879458
39 0.524184283777344 0.25966821551678426 0.1437793630553575 0.11582096302712266
39 0.59609375 0.3546875 0.1578125 0.090625
36 0.73515625 0.53203125 0.5296875 0.2640625
36 0.6703125 0.8 0.521875 0.4