37 0.3203125 0.2046875 0.41875 0.409375
36 0.76484375 0.2046875 0.4703125 0.409375
37 0.0484375 0.5484375 0.096875 0.278125
37 0.24453125 0.9015625 0.3953125 0.196875
37 0.09140625 0.940625 0.1828125 0.11875
37 0.1125 0.7453125 0.225 0.34375
37 0.171875 0.46171875 0.3375 0.1046875
37 0.22943385863110688 0.6052792041366201 0.38152183454860256 0.36537517856907475
37 0.38984375 0.83125 0.2796875 0.3375
37 0.3796875 0.49453125 0.3 0.1703125
38 0.8125 0.91328125 0.375 0.1734375
38 0.95078125 0.78671875 0.0984375 0.4265625
38 0.76015625 0.75546875 0.4609375 0.4546875
38 0.8703125 0.56328125 0.259375 0.3078125
38 0.69453125 0.528125 0.3296875 0.2375
30 0.6453125 0.91328125 0.23125 0.1734375