37 0.2484375 0.16953125 0.496875 0.3390625
37 0.8546875 0.10234375 0.290625 0.2046875
37 0.890625 0.19609375 0.21875 0.2859375
37 0.1625 0.73515625 0.325 0.3171875
37 0.1921875 0.47421875 0.384375 0.2703125
37 0.39259442156903246 0.6032905672387374 0.29297426820408995 0.22975217427525152
37 0.8828125 0.95234375 0.234375 0.0953125
37 0.9140625 0.82734375 0.171875 0.2703125
37 0.89921875 0.61953125 0.2015625 0.2671875
37 0.93984375 0.43359375 0.1203125 0.1890625
37 0.79375 0.85703125 0.16875 0.2734375
37 0.78515625 0.64765625 0.1515625 0.2515625
37 0.81484375 0.44296875 0.2109375 0.2078125