37 0.0625 0.24921875 0.125 0.2546875
37 0.24296875 0.45625 0.3359375 0.20625
37 0.321875 0.10546875 0.19375 0.2109375
37 0.25625 0.27265625 0.325 0.2265625
37 0.05078125 0.4421875 0.1015625 0.221875
37 0.15234375 0.546875 0.3046875 0.025
37 0.15546875 0.07734375 0.2171875 0.1546875
37 0.5881875137276624 0.27909215229366263 0.1380018415140473 0.098889631123531
37 0.7124161634781053 0.3136824850768676 0.11925184151404729 0.0974688410815748
37 0.8652680201753968 0.43777394835890354 0.1219392445922555 0.09301813942190088
37 0.9609375 0.41796875 0.078125 0.0921875
37 0.6703125 0.52109375 0.115625 0.0765625
37 0.503125 0.53125 0.134375 0.05625
37 0.45859375 0.42109375 0.0796875 0.0859375
37 0.4961125455497326 0.3720357462750224 0.12291828202986607 0.08688653859206372
37 0.5640625 0.02109375 0.1125 0.0421875
37 0.7908773398506697 0.1811552502237146 0.11833462562389281 0.07102474025173766
37 0.635869620840546 0.03801778901627104 0.0992928943426982 0.06647895020978148
37 0.6445350921384451 0.09689588154773823 0.10041779742090622 0.0619098493799445
37 0.9352960580285995 0.0921780284428162 0.10968895382687975 0.07812684523075966
37 0.9081044388524411 0.2907455830069196 0.10900164767046334 0.08738344606059663
38 0.20078125 0.77578125 0.4015625 0.4328125
37 0.6078125 0.87265625 0.2875 0.2546875