37 0.34155626349646184 0.18510410926367635 0.11299875269929238 0.09277283175849824
36 0.8 0.19296875 0.4 0.3859375
40 0.30749964959437026 0.7632390329474739 0.1722805095477696 0.1758779976377472
40 0.43622922345450554 0.8080926867610053 0.17005423610255282 0.12593256134007821
40 0.530986539016271 0.8697990238769812 0.13025803029369404 0.13545140507947587
40 0.5046875 0.965625 0.146875 0.06875
40 0.457817113076899 0.6381422853097265 0.12282403859206373 0.11960815027015244
40 0.34664189212119306 0.5871923989193901 0.1267060551888033 0.08857640507947587
40 0.3292544051934477 0.6575148226031875 0.13428175684847724 0.08572422359113023
40 0.4639030149463544 0.728794567160892 0.16167305103961843 0.0975893065307547
40 0.54921875 0.7171875 0.1015625 0.1
40 0.46349658278320494 0.5063466482864178 0.1486994543589663 0.09090279691210786
40 0.55859375 0.78359375 0.0828125 0.0953125
40 0.546677780918394 0.6013565587233713 0.09396533278320511 0.12950893992586626
40 0.327282121174776 0.9105951825846541 0.14065015601864025 0.08750497840045349
37 0.7690221031281439 0.7466293971052915 0.2933537166060282 0.3546428930985764
37 0.73515625 0.51328125 0.2703125 0.2078125