37 0.18984375 0.384375 0.3796875 0.15
37 0.29649870024782726 0.18425973485026897 0.49212105947465296 0.324631604809914
39 0.6875 0.07109375 0.196875 0.1421875
39 0.8361111561498641 0.17581790329435537 0.26450067051050075 0.2615268471291678
39 0.6828125 0.32890625 0.1875 0.2421875
37 0.48668768826203956 0.5298592031390635 0.13435506784239593 0.0966159367187636
37 0.35843653550307764 0.5498671372269911 0.11560506784239592 0.09552387357870132
37 0.18913101481086275 0.6537642239034023 0.11848440637700666 0.09101838410204496
37 0.07927133593261895 0.6209810869587599 0.10910940637700661 0.09047235253201383
37 0.36801068860072383 0.762458142488663 0.11314180913596861 0.07824536831702958
37 0.5265625 0.8078125 0.125 0.0875
37 0.571875 0.68984375 0.034375 0.0828125
37 0.54609375 0.6328125 0.0859375 0.084375
37 0.04765625 0.76640625 0.0953125 0.0921875
37 0.12841700135473708 0.9456779790944869 0.14208568068726607 0.09550846302712265
37 0.3046875 0.97421875 0.140625 0.0515625
37 0.1679067107632768 0.502975268627613 0.10573874491161739 0.08560284200867016
37 0.76875 0.8015625 0.359375 0.396875
37 0.79453125 0.52421875 0.4109375 0.1296875