37 0.3296875 0.08515625 0.178125 0.1703125
37 0.13828125 0.1796875 0.2765625 0.359375
38 0.8133930747135434 0.15339277387698108 0.3402453813653622 0.24772325970346482
39 0.0353964387332697 0.7288342618960815 0.07005905601527189 0.11490080290255769
39 0.16490157805536115 0.641465692751455 0.07963405068427179 0.13241568511654284
39 0.02734375 0.634375 0.0546875 0.109375
39 0.11427596407540559 0.7909498267795387 0.07134883601209037 0.09151786660488845
39 0.03864071208622333 0.8733109481937508 0.06842383068109026 0.10859623920022692
39 0.09877932809513199 0.9368625275051782 0.07280224801081765 0.08219743030721922
38 0.5765625 0.82109375 0.315625 0.3421875
38 0.64921875 0.55078125 0.4390625 0.3828125
38 0.8984375 0.61875 0.203125 0.4875
38 0.91875 0.89375 0.1625 0.2125