37 0.403125 0.35390625 0.19375 0.2828125
37 0.35234375 0.1390625 0.2859375 0.278125
37 0.4546875 0.1796875 0.090625 0.29375
37 0.20647200739972424 0.3358010684855205 0.31789876137808887 0.33699738582729194
37 0.084375 0.21875 0.16875 0.3375
37 0.475 0.446875 0.05 0.24375
37 0.8006770880808144 0.31524956630131895 0.3788908053787253 0.34310322188333375
37 0.94609375 0.13828125 0.1078125 0.2765625
37 0.62734375 0.1421875 0.2546875 0.284375
37 0.2328125 0.853125 0.465625 0.29375
37 0.72734375 0.81953125 0.4546875 0.3609375
37 0.87265625 0.8421875 0.2546875 0.315625