37 0.4613251325057286 0.21544148205433125 0.22605857940652782 0.2687356688715699
37 0.24824129141569387 0.36207563959494227 0.24364612290951407 0.2876286111239619
37 0.43775642667430487 0.4243332145114861 0.25116768218006963 0.2759038121477765
37 0.26640625 0.13359375 0.2703125 0.2671875
37 0.0890625 0.12734375 0.178125 0.2546875
37 0.59765625 0.19765625 0.1421875 0.2421875
40 0.42265625 0.6453125 0.1578125 0.071875
40 0.159375 0.70625 0.196875 0.19375
40 0.4576773749062844 0.7935252558090624 0.2585060970739585 0.18933405337635384
40 0.0890625 0.8515625 0.178125 0.19375
40 0.34453125 0.91328125 0.1640625 0.1734375
37 0.8171875 0.771875 0.296875 0.325
37 0.9453125 0.70390625 0.109375 0.1890625