37 0.24375 0.35078125 0.4875 0.3359375
37 0.784375 0.12421875 0.43125 0.2484375
37 0.7484375 0.459375 0.359375 0.11875
37 0.6125 0.146875 0.0875 0.29375
37 0.69140625 0.33359375 0.2453125 0.3359375
37 0.86796875 0.2953125 0.2640625 0.446875
38 0.3579294412981254 0.719598800454923 0.29488131458888917 0.26177839429596245
40 0.87265625 0.5828125 0.1859375 0.128125
40 0.7934344494662505 0.8103140533834914 0.15084037385944474 0.2434210306460784
40 0.8654165926086463 0.7172444857027249 0.1463334053945835 0.18391869665368965
40 0.9140625 0.9359375 0.11875 0.128125
40 0.94296875 0.69140625 0.1140625 0.2078125