37 0.1796875 0.225 0.359375 0.45
39 0.53125 0.125 0.34375 0.25
39 0.7671875 0.2640625 0.465625 0.528125
39 0.44453125 0.3890625 0.1703125 0.321875
39 0.02109375 0.74765625 0.0421875 0.2265625
39 0.10703125 0.6375 0.1328125 0.175
39 0.0265625 0.6015625 0.053125 0.103125
39 0.0296875 0.92265625 0.059375 0.1546875
39 0.3484375 0.6703125 0.021875 0.140625
39 0.315625 0.9484375 0.078125 0.103125
39 0.3359375 0.84140625 0.046875 0.1234375
39 0.2879737177762827 0.8787262655801381 0.056967052238563555 0.10432513050895835
39 0.25362305122251083 0.8046172715640619 0.06855964947960161 0.11707970364722228
39 0.17504434984302986 0.80020383491868 0.04726450361804453 0.09785692496187508
39 0.2041652838096563 0.8401014830950688 0.047926244911617386 0.08070579255305547
39 0.23938573157109264 0.9422809257243744 0.08567190637700647 0.08626611474138883
39 0.34765625 0.95703125 0.0234375 0.0859375