37 0.15440384867127516 0.22365749419401224 0.2915046162430347 0.2842459340192331
37 0.4953125 0.41953125 0.1875 0.2765625
37 0.3620442781259854 0.29785219748008224 0.2086921162430347 0.28183633636823097
37 0.16520063959494227 0.444577747954936 0.32125260600488925 0.20721207257817742
37 0.87578125 0.528125 0.2484375 0.103125
37 0.88515625 0.40546875 0.2296875 0.1796875
37 0.6890625 0.49609375 0.2 0.1671875
37 0.69296875 0.3671875 0.2078125 0.140625
37 0.749259510209231 0.24062105601814404 0.22846914109057934 0.16712061850068452
37 0.62421875 0.1359375 0.0703125 0.15
37 0.62890625 0.04140625 0.0796875 0.0828125
37 0.95 0.11875 0.1 0.10625
37 0.91953125 0.275 0.1609375 0.13125
37 0.8143759301736144 0.08682245460621826 0.14429757310482608 0.10390991316955063
37 0.69609375 0.059375 0.1140625 0.11875
39 0.109375 0.821875 0.21875 0.35625
39 0.340625 0.78046875 0.496875 0.4015625
37 0.86171875 0.8375 0.2765625 0.325
37 0.67421875 0.88515625 0.1703125 0.2296875
37 0.6796875 0.675 0.18125 0.190625
37 0.90078125 0.628125 0.1984375 0.096875