40 0.26953125 0.93515625 0.1890625 0.1296875
40 0.08671875 0.92578125 0.1734375 0.1484375
40 0.503125 0.840625 0.053125 0.2375
40 0.1765625 0.54921875 0.209375 0.2390625
40 0.35390625 0.49453125 0.2515625 0.1296875
40 0.49609375 0.5515625 0.0671875 0.24375
40 0.37316252849991594 0.8081009130121831 0.21086036238870207 0.21261632325581453
40 0.41503368220275727 0.6505678177002601 0.20403120818165768 0.22617817550756775
40 0.15838448047738735 0.7507833590347002 0.2196126495154674 0.18206723010335962
40 0.06015625 0.63203125 0.1203125 0.2078125
40 0.46171875 0.9375 0.1359375 0.125
36 0.64140625 0.9234375 0.2234375 0.153125
36 0.84609375 0.90546875 0.3078125 0.1890625
36 0.809375 0.66015625 0.38125 0.3890625