38 0.54453125 0.37421875 0.1703125 0.2703125
38 0.43828125 0.1625 0.3421875 0.325
38 0.16796875 0.11796875 0.3359375 0.2359375
38 0.471875 0.43046875 0.30625 0.1578125
38 0.178125 0.34140625 0.35625 0.2953125
40 0.5359375 0.8078125 0.1875 0.284375
40 0.56875 0.95390625 0.121875 0.0921875
40 0.10625 0.67890625 0.2125 0.3140625
40 0.3296875 0.91171875 0.396875 0.1765625
40 0.2420865152539978 0.649771505198092 0.1701950021995719 0.23300452199532415
40 0.05703125 0.88203125 0.1140625 0.2359375
36 0.7421875 0.72890625 0.225 0.3453125