38 0.44296875 0.23984375 0.1140625 0.2578125
38 0.4640625 0.0953125 0.071875 0.190625
38 0.10546875 0.49375 0.2109375 0.35
38 0.33515625 0.53828125 0.2765625 0.2609375
38 0.4234375 0.39375 0.153125 0.23125
38 0.84765625 0.2859375 0.3046875 0.28125
38 0.8373745541241725 0.4558455651267602 0.28108062866680694 0.24144237210203662
38 0.9421875 0.5421875 0.115625 0.253125
38 0.6265625 0.60625 0.253125 0.125
38 0.8453125 0.590625 0.309375 0.15625
38 0.21598998723123267 0.8323800878881956 0.30027155337635386 0.27874688246962903
38 0.06640625 0.83515625 0.1328125 0.2234375
38 0.878125 0.73984375 0.24375 0.1421875
38 0.63046875 0.834375 0.2609375 0.33125
38 0.7578125 0.86015625 0.39375 0.2796875