38 0.2796875 0.378125 0.559375 0.521875
37 0.92265625 0.51796875 0.1546875 0.2421875
37 0.63984375 0.546875 0.1609375 0.184375
37 0.67823969411487 0.3009260959002312 0.16496708511458974 0.2061310057494441
37 0.8308873209953319 0.33072904750263826 0.14866012351524951 0.18132649538185158
37 0.7753694437191585 0.46215541328958293 0.16138744404836308 0.19023260367592557
37 0.85625 0.578125 0.190625 0.121875
37 0.94375 0.28125 0.1125 0.153125
37 0.44609375 0.81953125 0.2265625 0.3609375
37 0.146875 0.81953125 0.29375 0.3609375
38 0.80390625 0.70390625 0.2140625 0.1296875
38 0.7124840326611791 0.7985295765791658 0.26026286473976085 0.26745806795499955
38 0.9078125 0.76875 0.184375 0.259375