38 0.3421875 0.10703125 0.453125 0.2140625
38 0.5078125 0.2234375 0.1625 0.315625
38 0.20703125 0.2296875 0.4140625 0.271875
38 0.35859375 0.41796875 0.3140625 0.1640625
37 0.79453125 0.25 0.4109375 0.5
40 0.45703125 0.6453125 0.2640625 0.1625
40 0.28044632123527957 0.720233669305282 0.34036107822389877 0.14096238504764003
40 0.21167705771869358 0.594925117977422 0.2577036184286617 0.14204309601642037
40 0.51796875 0.92578125 0.1421875 0.1484375
40 0.14469522290899933 0.860786467313492 0.21953506580012636 0.1980385659621909
40 0.2936038924994735 0.8630433380213887 0.17518910088581663 0.1603022166261212
40 0.44841013884712366 0.8137331635497453 0.18443325658579557 0.127562439498758
38 0.87890625 0.76875 0.2421875 0.4625
38 0.703125 0.75 0.228125 0.5