38 0.35703125 0.1671875 0.11015625 0.11875
38 0.8328125 0.3109375 0.1078125 0.1359375
38 0.86796875 0.6953125 0.12109375 0.1671875
38 0.80546875 0.4796875 0.13359375 0.125
38 0.50390625 0.49140625 0.1109375 0.14453125
38 0.50234375 0.64296875 0.13046875 0.115625
38 0.3578125 0.2875 0.10390625 0.125
38 0.2515625 0.13046875 0.10625 0.13125
38 0.15390625 0.10078125 0.10546875 0.15546875
38 0.2453125 0.85703125 0.09375 0.1671875
38 0.34375 0.875 0.10703125 0.121875
38 0.66953125 0.840625 0.09453125 0.175
38 0.71015625 0.31796875 0.1 0.125
38 0.17109375 0.3859375 0.09921875 0.1640625
38 0.49453125 0.84375 0.115625 0.1328125
38 0.55703125 0.40859375 0.12421875 0.125
38 0.4140625 0.41171875 0.1 0.1515625
38 0.27734375 0.6078125 0.10859375 0.15078125
38 0.60234375 0.60703125 0.0890625 0.12421875