38 0.528125 0.159375 0.221875 0.31875
38 0.3921875 0.20390625 0.290625 0.2296875
52 0.24375 0.090625 0.25 0.18125
30 0.04296875 0.02734375 0.0859375 0.0546875
39 0.88515625 0.12421875 0.2296875 0.2484375
38 0.07109375 0.44609375 0.1421875 0.2546875
38 0.02578125 0.7109375 0.0515625 0.309375
38 0.12342642861544251 0.5922529490722178 0.20658557718412762 0.24668303667377883
38 0.293394463883514 0.6443740742171498 0.25814807718412747 0.25089204667571857
38 0.0953125 0.75234375 0.190625 0.2765625
38 0.434375 0.41484375 0.234375 0.1921875
39 0.68984375 0.6265625 0.1015625 0.2875
39 0.7078125 0.92109375 0.1375 0.1578125
39 0.73046875 0.84453125 0.1828125 0.2546875
39 0.9422929825548458 0.8183704572379895 0.10236982863401992 0.14190019970043757
39 0.8332023250863131 0.8132999331512243 0.08496884108157454 0.11718724212409234
39 0.8896648900233789 0.8366419672399292 0.09791912697434597 0.14464256242753387
39 0.9734375 0.78046875 0.053125 0.1265625
39 0.9172831723916651 0.7078314410271321 0.10885662697434598 0.14553538273097572
39 0.8698539105688106 0.5960168383019754 0.08809384108157445 0.11744233363936125
39 0.8296423850490011 0.645107913606387 0.0789556394219006 0.1198020590935542
39 0.9190843159627509 0.6020916240576704 0.07571224025173748 0.11798446757828493
39 0.8862853165874507 0.5123752908773509 0.07765324855010754 0.10261455909355419