38 0.021875 0.20078125 0.04375 0.1046875
38 0.4078125 0.15703125 0.121875 0.1109375
38 0.20390625 0.22421875 0.1578125 0.0703125
39 0.60078125 0.14765625 0.2640625 0.2234375
39 0.0828125 0.56796875 0.165625 0.0546875
39 0.15877053251206288 0.7101013949704693 0.1434000747577337 0.0931864003691402
39 0.15345995566064224 0.6289317381229242 0.18493201089576328 0.086514898209672
39 0.3063393012014963 0.698369757862681 0.12457366510280768 0.06864747532299767
39 0.3779190062810609 0.6174189489479525 0.13024451089576328 0.08301036397194572
39 0.28693872720006725 0.5605798611941685 0.11127598960843983 0.07868380937615385
39 0.2426485057768578 0.7562835849760068 0.10571440445914586 0.0658834207272058
37 0.925 0.56328125 0.15 0.3453125
37 0.6625 0.68203125 0.3875 0.3359375
37 0.67734375 0.3859375 0.4171875 0.253125