38 0.4859375 0.21015625 0.128125 0.4203125
38 0.30078125 0.259375 0.3546875 0.340625
30 0.1203125 0.1140625 0.240625 0.228125
38 0.30078125 0.04140625 0.3484375 0.0828125
38 0.08359375 0.3234375 0.1671875 0.2125
36 0.878125 0.17578125 0.24375 0.3515625
39 0.39453125 0.52109375 0.2140625 0.1828125
39 0.33673691739940886 0.6595337059198219 0.1794635857653933 0.2097033586887262
39 0.25625 0.46484375 0.16875 0.0703125
40 0.7703125 0.5390625 0.3 0.21875
40 0.65625 0.84296875 0.2125 0.2703125
40 0.671875 0.95703125 0.24375 0.0859375
40 0.575 0.5140625 0.05 0.16875
40 0.884375 0.78125 0.23125 0.33125
40 0.7488063537639269 0.7044574966184113 0.2542079784983085 0.36043061203054416
40 0.6171875 0.68515625 0.134375 0.2078125