38 0.34765625 0.30703125 0.5046875 0.3859375
38 0.31796875 0.125 0.5640625 0.25
38 0.765625 0.30546875 0.33125 0.3890625
38 0.88203125 0.271875 0.2359375 0.321875
39 0.09609375 0.9625 0.1921875 0.075
39 0.484375 0.6359375 0.23125 0.271875
39 0.47890625 0.896875 0.2421875 0.20625
39 0.2390625 0.56171875 0.3 0.1234375
39 0.9703125 0.76953125 0.059375 0.0765625
39 0.9108046189493058 0.8441564909037721 0.06503185775648745 0.08096320967712849
39 0.8069492786056728 0.8051368403656529 0.08032266508343389 0.10505568114108108