38 0.1515625 0.1546875 0.303125 0.309375
37 0.75703125 0.1546875 0.4859375 0.309375
37 0.47890625 0.12734375 0.1390625 0.2546875
37 0.52421875 0.190625 0.2296875 0.2375
38 0.1515625 0.37578125 0.303125 0.1328125
38 0.4765625 0.79140625 0.134375 0.4046875
38 0.58203125 0.83515625 0.3453125 0.3296875
38 0.78671875 0.83203125 0.3234375 0.3359375
52 0.553125 0.421875 0.25 0.225
52 0.745853739088404 0.5637326243763726 0.2672007233454353 0.2821794934412793
52 0.6703125 0.38046875 0.259375 0.1421875
30 0.84375 0.36171875 0.2125 0.1046875