38 0.288036125704447 0.12834563027406212 0.1817370833429715 0.17907948770335996
38 0.34251637789007405 0.2638876996540988 0.18487418129534242 0.1634817587805987
38 0.0796875 0.046875 0.159375 0.09375
38 0.1796875 0.50703125 0.175 0.0640625
38 0.278125 0.50078125 0.165625 0.0765625
38 0.403125 0.44453125 0.171875 0.1703125
38 0.30703125 0.05703125 0.1859375 0.1140625
38 0.1754344096973237 0.09854956684595387 0.1756421235477344 0.18060562626704132
38 0.1191333186757432 0.3354592143866258 0.18376470395726016 0.18377607806243948
38 0.41796875 0.18515625 0.1421875 0.1515625
38 0.54296875 0.26171875 0.1078125 0.1515625
38 0.52578125 0.1734375 0.0734375 0.128125
38 0.5917956176519287 0.3129751603282914 0.20080926170486818 0.166697662371395
38 0.92109375 0.02734375 0.1578125 0.0546875
38 0.9578125 0.08984375 0.084375 0.1703125
38 0.9640625 0.20859375 0.071875 0.1703125
38 0.91171875 0.3265625 0.1765625 0.19375
38 0.7822545960828243 0.40009738954564017 0.19595462354773438 0.18072380093507637
38 0.6388509703494629 0.4446564315037261 0.18877438231915686 0.1713124394987581
38 0.5421875 0.4453125 0.10625 0.153125
38 0.7007709191876504 0.3006291755517978 0.13771329679055846 0.12885222872636942
38 0.7032746417805693 0.20457633216765608 0.12210039474292937 0.11314541549465282
38 0.7689227210972815 0.13314169370217038 0.12397297515245516 0.11627950585373234
38 0.8769435854996841 0.09893888964383599 0.1544235782238988 0.13988063231716552
38 0.8864686933162911 0.19179855533488066 0.14520361842866158 0.14138859016268804
38 0.794090975842445 0.24933432026379948 0.15863385965723903 0.1508363130353249
38 0.7045985324972395 0.19910303698811624 0.12069293494769226 0.1146988251355733
38 0.5801582035544365 0.1155007175098838 0.12210039474292937 0.11314541549465282
38 0.559375 0.0328125 0.140625 0.065625
38 0.64609375 0.05390625 0.1234375 0.1078125
38 0.7294181797997051 0.06700360929501911 0.13132035453816648 0.11163745764913066
38 0.8203125 0.03828125 0.146875 0.0765625
38 0.6232589144424872 0.18474107601933606 0.13975301535721804 0.11793290944452864