38 0.06015625 0.3203125 0.1203125 0.375
38 0.3234375 0.42734375 0.13125 0.1953125
38 0.26171875 0.309375 0.2546875 0.35
37 0.5755045267966503 0.2955245932566277 0.06157930913596861 0.07456766046291677
37 0.5134250079134578 0.43447362324041705 0.056646147670579336 0.06966183664159917
37 0.8151878245126583 0.2887631327509298 0.05195864767057934 0.06944351282028158
37 0.8813063902073475 0.10791770119556388 0.0467798247398008 0.059850188998963993
37 0.8712231405460317 0.3318988566960819 0.05195864767057934 0.06944351282028158
37 0.5887979856393633 0.058444124273874375 0.050068599050060315 0.06312073821317572
37 0.4046875 0.2015625 0.03125 0.071875
37 0.4 0.290625 0.021875 0.071875
37 0.9679653437345351 0.37848922042598615 0.03847600180902226 0.050111315963434676
37 0.9890625 0.35078125 0.021875 0.0453125
37 0.6841425424004826 0.2865563157540377 0.06774742198083886 0.07329625889134021
37 0.0265625 0.95625 0.053125 0.084375
37 0.1037235385552954 0.9409356007002259 0.07983134215265544 0.09568068114108108
37 0.27578125 0.64921875 0.0734375 0.0390625
37 0.36796875 0.86875 0.0421875 0.08125
37 0.21607637437637264 0.8690135589296123 0.06281426051544958 0.06839043507002245
39 0.66953125 0.8671875 0.4171875 0.265625
39 0.75625 0.7203125 0.471875 0.18125