38 0.3109375 0.5765625 0.13515625 0.09921875
38 0.31953125 0.48046875 0.13046875 0.07578125
38 0.221875 0.396875 0.14375 0.10703125
38 0.18046875 0.521875 0.15546875 0.12265625
38 0.17890625 0.64375 0.1515625 0.0953125
38 0.3671875 0.66171875 0.1515625 0.1078125
38 0.653125 0.26875 0.125 0.1375
38 0.78359375 0.37578125 0.16875 0.12109375
38 0.81875 0.50078125 0.16796875 0.121875
38 0.81953125 0.6453125 0.1234375 0.12734375
38 0.7828125 0.7609375 0.109375 0.13359375
38 0.66171875 0.83046875 0.1375 0.146875
38 0.5046875 0.83125 0.13046875 0.13515625
38 0.3609375 0.80703125 0.12890625 0.12578125
38 0.2453125 0.74921875 0.12109375 0.109375
38 0.46875 0.70078125 0.090625 0.096875
38 0.50625 0.61171875 0.08046875 0.084375
38 0.590625 0.575 0.08125 0.0875
38 0.69921875 0.59296875 0.10625 0.1015625
38 0.6734375 0.684375 0.09140625 0.1125
38 0.5703125 0.6953125 0.10234375 0.11484375
38 0.509375 0.60703125 0.078125 0.0875
38 0.42890625 0.471875 0.08203125 0.08359375
38 0.55703125 0.33984375 0.08515625 0.09296875
38 0.4484375 0.33984375 0.103125 0.11796875
38 0.6265625 0.396875 0.109375 0.08203125
38 0.5125 0.44140625 0.08125 0.08671875
38 0.5796875 0.4953125 0.09609375 0.07421875
38 0.68125 0.48671875 0.10625 0.0890625
38 0.4421875 0.55625 0.1046875 0.07890625