37 0.759375 0.19453125 0.48125 0.3890625
38 0.31171875 0.8453125 0.4140625 0.309375
38 0.1953125 0.6078125 0.390625 0.40625
37 0.7515625 0.43359375 0.246875 0.0890625
37 0.91328125 0.5078125 0.1734375 0.190625
37 0.58125 0.44765625 0.125 0.1171875
37 0.5578125 0.57265625 0.078125 0.1890625
37 0.7101191106992568 0.5656109153659172 0.2577281983633867 0.19562476639624685
37 0.8034747850160263 0.717612968480128 0.23837799763774728 0.17701647635429046
37 0.890625 0.87421875 0.21875 0.2015625
37 0.6742659785700896 0.8776839402610266 0.2561656983633867 0.1955063672260838
37 0.60390625 0.71328125 0.1703125 0.1734375