38 0.20859375 0.26015625 0.2390625 0.2171875
38 0.3734375 0.146875 0.13125 0.253125
38 0.3390625 0.03984375 0.2 0.0796875
38 0.20390625 0.09140625 0.2296875 0.1828125
38 0.80078125 0.15078125 0.3984375 0.3015625
38 0.90546875 0.30078125 0.1890625 0.1359375
38 0.65390625 0.3109375 0.4078125 0.115625
30 0.56875 0.0796875 0.259375 0.159375
37 0.11953125 0.9625 0.0671875 0.075
37 0.2962395920949973 0.9220104646859735 0.06938747091226496 0.0909440147041046
37 0.01875 0.69765625 0.0375 0.0578125
37 0.06278871861705512 0.712304881237157 0.04170901000193972 0.05550390882246283
39 0.86640625 0.91875 0.2671875 0.1625
39 0.64765625 0.93125 0.3703125 0.1375
39 0.82421875 0.63359375 0.3515625 0.3953125
39 0.709375 0.49140625 0.378125 0.2453125
39 0.51796875 0.4859375 0.1578125 0.234375
39 0.51796875 0.69453125 0.1578125 0.3640625