38 0.228125 0.10234375 0.259375 0.2046875
38 0.09921875 0.05390625 0.1984375 0.1078125
39 0.9203125 0.15078125 0.159375 0.3015625
39 0.6370911825317334 0.2352160270698266 0.40783318739853736 0.3667225598392365
39 0.77734375 0.07890625 0.3046875 0.1578125
37 0.13671875 0.58984375 0.2734375 0.2421875
37 0.25859375 0.76328125 0.3421875 0.4546875
38 0.51640625 0.9625 0.1328125 0.075
38 0.60703125 0.95625 0.1421875 0.0875
38 0.52109375 0.5546875 0.1828125 0.1625
38 0.6352058904612895 0.5937805947928478 0.1088829631253363 0.10705139342673622
38 0.7048574727605917 0.6384404377827437 0.12269409084927715 0.12609233415618065
38 0.7740391614965114 0.667438913181459 0.14711493664223277 0.140700348023889
38 0.8256841529465365 0.8353180506242716 0.18654877723940827 0.1915368026210417
38 0.8359375 0.94140625 0.140625 0.1171875