39 0.6484375 0.425 0.296875 0.540625
39 0.69609375 0.1578125 0.3921875 0.315625
37 0.22809777735416709 0.9101068225829725 0.11421058320625015 0.14579199710451576
37 0.24296875 0.98671875 0.1109375 0.0265625
37 0.04375 0.8265625 0.0875 0.14375
37 0.10740276443638926 0.8656740800265705 0.09982077488562516 0.13107452564056316
37 0.4625 0.77421875 0.075 0.1109375
37 0.46328125 0.85078125 0.0734375 0.1046875
37 0.41599716764677125 0.8849312324267167 0.07267639342673604 0.10483735731976367
39 0.93828125 0.859375 0.1234375 0.28125
39 0.77421875 0.88359375 0.4515625 0.2328125