38 0.715625 0.69609375 0.178125 0.13203125
38 0.578125 0.84765625 0.12578125 0.17734375
38 0.46171875 0.84765625 0.12578125 0.13203125
38 0.24375 0.73984375 0.18125 0.22265625
38 0.12578125 0.63203125 0.13984375 0.125
38 0.109375 0.51796875 0.12734375 0.08515625
38 0.35703125 0.39453125 0.11640625 0.1109375
38 0.23203125 0.4875 0.12734375 0.1046875
38 0.109375 0.42890625 0.09921875 0.1
38 0.559375 0.6828125 0.1015625 0.15625
38 0.56015625 0.528125 0.09765625 0.1046875
38 0.64375 0.49453125 0.103125 0.11953125
38 0.4015625 0.121875 0.159375 0.11484375
38 0.52890625 0.11953125 0.0796875 0.084375
38 0.6109375 0.1390625 0.08671875 0.10390625
38 0.68671875 0.14453125 0.10859375 0.1109375
38 0.79609375 0.28515625 0.1328125 0.15546875
38 0.8453125 0.3828125 0.1125 0.08515625
38 0.27734375 0.3078125 0.153125 0.07109375
30 0.4484375 0.59140625 0.115625 0.11953125