38 0.2546875 0.134375 0.365625 0.26875
38 0.1671875 0.321875 0.334375 0.19375
38 0.37265625 0.321875 0.2140625 0.19375
36 0.89609375 0.14765625 0.2078125 0.2953125
36 0.92109375 0.28828125 0.1578125 0.2609375
37 0.21484375 0.58359375 0.3171875 0.3296875
37 0.3875 0.56015625 0.184375 0.2828125
37 0.06953125 0.465625 0.1390625 0.09375
37 0.1921284170634882 0.8363156696923728 0.25831993151195076 0.30488136722608383
37 0.08125 0.64296875 0.1625 0.2671875
37 0.03828125 0.903125 0.0765625 0.19375
37 0.07421875 0.87109375 0.1484375 0.2546875