38 0.30828607774644307 0.22371602150222475 0.2951761301373711 0.3527055847795724
38 0.10078125 0.2953125 0.2015625 0.246875
37 0.8546875 0.209375 0.290625 0.41875
37 0.67734375 0.209375 0.3359375 0.41875
36 0.46796875 0.678125 0.0828125 0.321875
36 0.3227074692885609 0.6995313889561828 0.3483856018289474 0.34119019602827727
40 0.884375 0.63984375 0.23125 0.3421875
40 0.55 0.90859375 0.08125 0.1828125
40 0.6515625 0.9203125 0.221875 0.159375
40 0.7182054257261395 0.6796491902373091 0.17906789006566362 0.28354886228216236
40 0.56875 0.7640625 0.11875 0.228125
40 0.6191603371248426 0.6175066011145105 0.1954295452121002 0.3060788337461151
40 0.63515625 0.4578125 0.2078125 0.078125
40 0.8125 0.87578125 0.196875 0.2484375