38 0.0734375 0.1984375 0.146875 0.18125
38 0.15404436809601876 0.1281325007177902 0.2807988150802775 0.18271332939624546
38 0.30445447120629654 0.12868311614155234 0.23406051611703677 0.18263891832631982
38 0.41953125 0.18359375 0.1609375 0.1921875
38 0.14428122294972293 0.34720988293177535 0.23378711404351815 0.17951391832631983
38 0.31750340094222285 0.3109425446346732 0.16734190782296282 0.16784724282842395
38 0.1109375 0.44375 0.221875 0.1125
38 0.4375 0.4640625 0.125 0.071875
38 0.4140625 0.36640625 0.171875 0.1640625
30 0.03125 0.05 0.0625 0.1
39 0.82890625 0.234375 0.3421875 0.46875
39 0.709375 0.11953125 0.41875 0.2390625
40 0.17753392888745448 0.6912053864751545 0.20390270735185126 0.31866569836338676
40 0.2762763508476863 0.8882118504476377 0.2609155420360181 0.22251987386128258
40 0.43359375 0.8890625 0.1328125 0.221875
40 0.08828125 0.57890625 0.1765625 0.1578125
40 0.428125 0.521875 0.14375 0.04375
40 0.30859375 0.54921875 0.1671875 0.0984375
40 0.07265625 0.92421875 0.1453125 0.1515625
40 0.06484375 0.77734375 0.1296875 0.2390625
40 0.0203125 0.77890625 0.040625 0.2671875
38 0.75 0.7484375 0.5 0.496875