38 0.0484375 0.50625 0.096875 0.56875
38 0.303125 0.13203125 0.24140625 0.2390625
38 0.29921875 0.359375 0.25703125 0.23046875
38 0.28046875 0.59296875 0.2625 0.2453125
38 0.2828125 0.8515625 0.26171875 0.23203125
38 0.53046875 0.17421875 0.215625 0.27265625
38 0.56328125 0.4265625 0.25859375 0.23515625
38 0.5328125 0.684375 0.21015625 0.20859375
38 0.77109375 0.14765625 0.19765625 0.21875
38 0.76484375 0.6734375 0.2390625 0.19921875
38 0.78359375 0.90390625 0.2046875 0.1921875
38 0.53828125 0.8953125 0.225 0.209375