30 0.384375 0.28515625 0.409375 0.3921875
39 0.87265625 0.5625 0.2546875 0.153125
39 0.73125 0.53203125 0.284375 0.2140625
39 0.91796875 0.446875 0.1640625 0.196875
39 0.7875463791071318 0.36961209342111 0.2951841806146421 0.23939405832640723
39 0.628125 0.409375 0.078125 0.196875
39 0.953125 0.3171875 0.09375 0.171875
39 0.63671875 0.165625 0.0953125 0.090625
39 0.6328125 0.22265625 0.0875 0.0828125
39 0.61640625 0.13203125 0.0546875 0.0796875
39 0.679128874855068 0.10979674163422407 0.10468724212409217 0.08057352076024667
37 0.48125 0.75390625 0.215625 0.2078125
37 0.203125 0.96171875 0.190625 0.0765625
37 0.3109375 0.9375 0.16875 0.125
37 0.459375 0.90546875 0.171875 0.1890625