38 0.4265625 0.425 0.225 0.0875
38 0.19140625 0.3921875 0.2234375 0.153125
38 0.1140625 0.26171875 0.228125 0.2484375
38 0.09453125 0.10546875 0.1890625 0.2109375
38 0.1375 0.0484375 0.190625 0.096875
38 0.44609375 0.0828125 0.1859375 0.165625
38 0.49765625 0.36015625 0.0828125 0.2171875
38 0.47421875 0.21640625 0.1296875 0.2421875
38 0.33984375 0.05703125 0.2203125 0.1140625
30 0.28039685683347165 0.10255164836636484 0.14954881508027745 0.18677095760961002
39 0.765625 0.19453125 0.453125 0.3890625
39 0.89765625 0.31875 0.2046875 0.3