38 0.08125 0.2875 0.1625 0.284375
38 0.04296875 0.08046875 0.0859375 0.1609375
38 0.16043619224805586 0.12671343611184155 0.19444490349472243 0.245576299589726
38 0.26953125 0.0984375 0.1203125 0.196875
38 0.134375 0.0515625 0.190625 0.103125
39 0.5939383700597225 0.18094880498831065 0.28383471181534753 0.26638755228901817
39 0.82734375 0.36328125 0.3203125 0.3109375
39 0.575428025454306 0.3573570170209468 0.25970622758291684 0.2349240647365729
39 0.5375 0.4578125 0.178125 0.121875
37 0.16484375 0.73203125 0.3296875 0.4265625
37 0.165625 0.90859375 0.328125 0.1828125
36 0.54921875 0.759375 0.4390625 0.48125
36 0.84609375 0.88984375 0.3078125 0.2203125