38 0.25 0.17578125 0.5 0.3515625
37 0.103125 0.615625 0.20625 0.33125
37 0.6859375 0.52109375 0.209375 0.1421875
37 0.578125 0.715625 0.15625 0.18125
37 0.7146735637358678 0.6676098117449528 0.17838218597979177 0.16267700293344572
37 0.6630896138883676 0.8410885379902215 0.16595492116215294 0.1645616812953424
37 0.56875 0.934375 0.1375 0.13125
37 0.8765625 0.93359375 0.178125 0.1328125
37 0.92421875 0.7828125 0.1515625 0.146875
37 0.7889806198722913 0.7904040716091888 0.16450152393569456 0.16909414109057944
37 0.8664717998681594 0.6759308917805693 0.18147081838861112 0.1614245833429715
37 0.88828125 0.5046875 0.2234375 0.109375
37 0.9453125 0.57109375 0.109375 0.1359375
37 0.55859375 0.50546875 0.1171875 0.1109375
37 0.8284107150463887 0.5698056871044048 0.17340374525034719 0.14971188231915686
37 0.96953125 0.921875 0.0609375 0.15625
37 0.7488076019205204 0.9089687865234986 0.1388105397032639 0.1369259978143731