38 0.24609375 0.0796875 0.2265625 0.159375
38 0.1796875 0.24921875 0.359375 0.3765625
38 0.12109375 0.40546875 0.2421875 0.3671875
38 0.8125 0.35234375 0.375 0.4734375
38 0.775 0.1578125 0.253125 0.315625
37 0.19296875 0.79453125 0.3328125 0.4109375
37 0.91640625 0.9265625 0.1671875 0.146875
37 0.92734375 0.76328125 0.1453125 0.2203125
37 0.8124713046998245 0.7794230783307841 0.20737974916780635 0.2329330511350906
37 0.74296875 0.6234375 0.1921875 0.06875
37 0.63046875 0.60859375 0.1484375 0.0390625
37 0.65859375 0.93984375 0.1359375 0.1203125
37 0.815625 0.93828125 0.165625 0.1234375
37 0.6528255844419152 0.7876873660731939 0.1290446389349535 0.14576824188232518
37 0.6443542660144281 0.6634140689952932 0.13877319176360442 0.11629893019392785