38 0.10546875 0.18359375 0.2109375 0.3671875
38 0.25078125 0.12421875 0.2828125 0.2484375
52 0.375 0.31953125 0.24375 0.2390625
37 0.803125 0.24375 0.3875 0.390625
40 0.3078581925973869 0.6824389400992169 0.1897167215001053 0.18025358610630277
40 0.2999934849877768 0.8173244698413076 0.1395616812953424 0.17402338560718827
40 0.2665619407567547 0.9238031680526465 0.1466231761762696 0.13598194509136974
40 0.1328125 0.928125 0.14375 0.14375
40 0.47160567979970514 0.7962862762055197 0.12881551535721805 0.12812742304479913
40 0.4897162554640676 0.6773384887679089 0.09943809576674383 0.12848097587345003
40 0.41636232454263455 0.6775869864801335 0.09724333699532135 0.1375642445922555
40 0.3852272550901583 0.8244928972538617 0.11237902047629085 0.16529366971703396
40 0.423342483521054 0.9171501164717814 0.1106856761762696 0.13262703535763123
40 0.57890625 0.76796875 0.0609375 0.1515625
40 0.3640625 0.9421875 0.10625 0.115625
40 0.5326751406877557 0.8721626815715032 0.13680725146672296 0.09946098252898032
40 0.169005173587819 0.7388632934687432 0.09927095760961002 0.14239761023285274
39 0.6703125 0.74296875 0.121875 0.2046875
39 0.68828125 0.5875 0.1578125 0.171875
39 0.803125 0.5109375 0.25625 0.14375
39 0.830009212325859 0.6359223390174661 0.23531510600488942 0.21856695840243034