38 0.40078125 0.0859375 0.0765625 0.171875
38 0.321875 0.11015625 0.1875 0.2203125
38 0.32109375 0.325 0.2359375 0.234375
38 0.34375 0.45390625 0.190625 0.1109375
38 0.13203125 0.42734375 0.2203125 0.1640625
38 0.03984375 0.3265625 0.0796875 0.225
38 0.06796875 0.04609375 0.1359375 0.0921875
38 0.15611746110579777 0.21015274658215438 0.23196437479169915 0.29337833703942984
39 0.80859375 0.046875 0.1828125 0.09375
39 0.94453125 0.071875 0.1109375 0.14375
39 0.8254992108980017 0.16365097218526586 0.21654463893495368 0.1449317466803503
39 0.953125 0.2078125 0.09375 0.1375
39 0.9224829005816269 0.38284639978016716 0.14164848252898032 0.12887949980360833
39 0.6975719983356126 0.1566601079202771 0.11189916098152412 0.1615011022629364
39 0.696875 0.0421875 0.096875 0.084375
39 0.703532690099217 0.27069533684303815 0.1356481917636044 0.11478972872636942
39 0.8145863564884858 0.3478623457218328 0.11681414767046334 0.0803238251355733
39 0.8321472088180224 0.2683202914671067 0.14552261023285276 0.0867374515990063
38 0.21953125 0.72890625 0.4390625 0.4390625
37 0.8125 0.6 0.375 0.18125
37 0.75625 0.81875 0.48125 0.3625