38 0.7234375 0.45625 0.190625 0.146875
38 0.75703125 0.3171875 0.1234375 0.190625
38 0.74375 0.20546875 0.15 0.1703125
38 0.5671875 0.0796875 0.29375 0.159375
38 0.41875 0.0203125 0.18125 0.040625
38 0.309375 0.02265625 0.1375 0.0453125
38 0.3038937196335116 0.24141067390237084 0.1574613702161482 0.1535702638537389
38 0.3344948009564674 0.09426600020488776 0.15677406405973215 0.16287248924663303
38 0.22734375 0.03046875 0.1390625 0.0609375
38 0.652270609608455 0.34864540094789487 0.19510723585674547 0.15687935442427942
38 0.5119904742090625 0.3957836124870501 0.14306511688838305 0.13267556699689198
38 0.51640625 0.47109375 0.1609375 0.1171875
38 0.08203125 0.3640625 0.1640625 0.196875
38 0.1265625 0.48125 0.115625 0.096875
38 0.1796875 0.5140625 0.1375 0.03125
38 0.19028861605618932 0.19100395140496085 0.1360659891845107 0.17435364474715093
30 0.5212691073206794 0.27020356968297915 0.16556560149734292 0.1570591368892682
36 0.909375 0.25625 0.18125 0.5125
36 0.909375 0.07578125 0.18125 0.1515625
36 0.865625 0.20859375 0.09375 0.4171875
39 0.6375 0.81328125 0.3625 0.3640625
39 0.43828125 0.88046875 0.3046875 0.2390625
39 0.29285479908428397 0.7801049927612896 0.25187887687167854 0.1984161910658786