38 0.07578125 0.28359375 0.1515625 0.2921875
38 0.20078125 0.3703125 0.4015625 0.11875
38 0.3515625 0.25234375 0.296875 0.3546875
38 0.32734375 0.09765625 0.3453125 0.1953125
38 0.73203125 0.21171875 0.4640625 0.4234375
40 0.4078125 0.5703125 0.184375 0.23125
40 0.30874244648913846 0.8055976585380369 0.19870558762187224 0.1770783990890262
40 0.135515546647423 0.8726462931990927 0.19093855172849494 0.1783680805773719
40 0.15302599241164558 0.7218824013664609 0.21106919530200416 0.17282740870767305
40 0.3093154448397858 0.6640277174310444 0.1576259465556454 0.16003474282842395
37 0.75 0.7125 0.5 0.490625