38 0.26953125 0.471875 0.5390625 0.215625
38 0.32890625 0.3421875 0.4203125 0.453125
38 0.2859375 0.1328125 0.50625 0.265625
37 0.63203125 0.54765625 0.1859375 0.0640625
37 0.6527470233927246 0.41846967183545625 0.21544537603436212 0.26302234656639667
37 0.7070965266947715 0.19065719499482 0.21711696403563466 0.27247012117350244
37 0.8297447807129069 0.32989097704552395 0.20461696403563465 0.27188792431665554
37 0.94375 0.21484375 0.1125 0.2421875
37 0.78671875 0.5015625 0.2015625 0.15625
37 0.93125 0.44375 0.1375 0.271875
37 0.4546875 0.78984375 0.16875 0.4203125
37 0.3015625 0.75078125 0.475 0.3421875
37 0.34296875 0.96328125 0.3140625 0.0734375
37 0.0875 0.69375 0.175 0.228125
30 0.775 0.6296875 0.15 0.1
30 0.84609375 0.63984375 0.1265625 0.1203125
38 0.6 0.76953125 0.121875 0.3140625
38 0.63515625 0.86953125 0.1828125 0.2609375
38 0.74765625 0.86875 0.1984375 0.2625
38 0.8921875 0.87265625 0.209375 0.2546875
38 0.9765625 0.77734375 0.046875 0.2265625
38 0.59609375 0.6265625 0.1140625 0.09375