38 0.06328125 0.43359375 0.1265625 0.2171875
38 0.10078125 0.046875 0.2015625 0.09375
38 0.3877397565979159 0.18592996229215702 0.14810389227157367 0.14856817599857094
38 0.31484375 0.05859375 0.1453125 0.1171875
38 0.08203125 0.28828125 0.1640625 0.1484375
38 0.22325546597601748 0.33826336859288836 0.1353892787937035 0.1274908514929388
38 0.2435474250712951 0.4281999537421822 0.151834485014259 0.13795845792955622
38 0.58359375 0.3125 0.0328125 0.19375
38 0.5671875 0.50703125 0.065625 0.1171875
38 0.55546875 0.57734375 0.0890625 0.1421875
38 0.4265625 0.6078125 0.2 0.121875
38 0.32265625 0.62734375 0.1203125 0.0828125
38 0.48672476927458275 0.13694579509566243 0.12074030989648107 0.17305472376899794
30 0.17808108407203616 0.21242213443233018 0.15605309330833314 0.15067697921687967
39 0.7890625 0.24921875 0.378125 0.4984375
39 0.8 0.4984375 0.4 0.340625
39 0.93203125 0.24296875 0.1359375 0.4859375
36 0.29609375 0.89765625 0.5921875 0.2046875
36 0.35859375 0.834375 0.4828125 0.33125
40 0.72734375 0.75859375 0.2234375 0.1796875
40 0.82109375 0.91328125 0.2515625 0.1734375