38 0.0375 0.43359375 0.075 0.1328125
38 0.0578125 0.3390625 0.115625 0.15625
38 0.42890625 0.43671875 0.0609375 0.1265625
38 0.4296875 0.3328125 0.059375 0.178125
38 0.42109375 0.196875 0.0765625 0.165625
38 0.390625 0.10078125 0.1375 0.1671875
38 0.26328125 0.08671875 0.1859375 0.1734375
38 0.11254273366506178 0.13282449847994418 0.17348465756743253 0.1754987015966055
38 0.03203125 0.2046875 0.0640625 0.165625
38 0.1124977301504051 0.2677260804951666 0.12122864474715103 0.12502385771838495
38 0.17157732361642974 0.33861690064739103 0.1080008986760923 0.10888952174882985
38 0.2633645632773476 0.3434542978719219 0.1097089478903042 0.11207818874502422
38 0.363385988008288 0.28869386060977237 0.13885279238978612 0.1350991946765232
38 0.3139361056671337 0.21195228848038167 0.1265711162111039 0.13927735870696817
38 0.21139114847120463 0.23718439323301715 0.14099748924663302 0.14766286167271767
38 0.17611927440221803 0.3415508996588078 0.10658394789030404 0.11195085475263547
38 0.13359375 0.4703125 0.1078125 0.059375
38 0.34453125 0.46953125 0.1359375 0.0609375
38 0.221875 0.46953125 0.109375 0.0609375
38 0.27375194561850175 0.42178754490617243 0.12035534946188076 0.10627385771838505
38 0.3740623147250897 0.3943071906478285 0.1335830955329392 0.12240819368794006
38 0.12447969168956038 0.41227457654083394 0.12838617328319835 0.11127969269935693
37 0.15625 0.93125 0.3125 0.1375
37 0.0953125 0.8109375 0.190625 0.325
37 0.30130121091998274 0.805049736579765 0.30608744995721865 0.3103432282883511
37 0.15703125 0.60234375 0.3140625 0.2046875
39 0.940625 0.56953125 0.11875 0.1390625
39 0.90859375 0.6609375 0.1828125 0.23125
39 0.978125 0.82578125 0.04375 0.2140625
39 0.75625 0.6140625 0.228125 0.228125
39 0.934375 0.921875 0.13125 0.15625
39 0.8500810434277527 0.8032404747539481 0.1625856989237615 0.20936436562705021
39 0.48515625 0.53515625 0.0515625 0.0703125
39 0.5111406296550671 0.6135319649052973 0.08641699710451593 0.11424818380210837
39 0.5492613678682428 0.5651926239928263 0.07718754631872748 0.1169911818249421
39 0.47890625 0.60546875 0.0390625 0.1140625
39 0.4987262127820095 0.6959133833843664 0.07645980024766903 0.1013661818249421