36 0.64453125 0.225 0.7109375 0.45
40 0.215625 0.71953125 0.146875 0.2140625
40 0.215625 0.86953125 0.146875 0.1390625
40 0.09787475716356378 0.8241530863140987 0.16468579952888868 0.16414896713794028
40 0.1698694599437494 0.6108112262890419 0.15921634099925885 0.22562790765375898
39 0.7515295630540273 0.6459599995833982 0.2554857482565738 0.2454632117301955
39 0.5475733778514806 0.7237785224621625 0.24814213996249954 0.23237974916780635
39 0.7238228110277769 0.7898237429278678 0.21347461404351806 0.19039993635585972
39 0.903125 0.73828125 0.19375 0.2171875
39 0.9125 0.59609375 0.175 0.2015625
39 0.8866248988694897 0.8615874226281974 0.21564270678620331 0.17975416763705435