38 0.18203125 0.07265625 0.3640625 0.1453125
38 0.5 0.121875 0.3 0.24375
38 0.30234375 0.134375 0.3265625 0.26875
38 0.125 0.16484375 0.25 0.2078125
38 0.51953125 0.20859375 0.2609375 0.1203125
38 0.859375 0.134375 0.28125 0.26875
30 0.184409705042777 0.4977055946800711 0.23628739745537003 0.16511404334173854
30 0.22734835221532324 0.5658020193756595 0.19673688190398125 0.1386154451585096
38 0.3796875 0.32109375 0.321875 0.1046875
38 0.49765625 0.3484375 0.3015625 0.159375
38 0.50078125 0.43671875 0.2984375 0.2234375
38 0.5078125 0.58515625 0.284375 0.2296875
38 0.40737547921833206 0.7438797377028505 0.23365041300675884 0.18816890606883482
38 0.2535464331298134 0.8382669507392077 0.24222433063166626 0.215241589099373
38 0.08828125 0.89765625 0.1765625 0.2046875
38 0.1546875 0.3265625 0.265625 0.115625
38 0.034375 0.36484375 0.06875 0.1921875
38 0.8609375 0.5390625 0.278125 0.303125
38 0.87890625 0.76328125 0.2421875 0.3015625
38 0.9359375 0.9171875 0.128125 0.165625