38 0.23203125 0.2734375 0.4640625 0.4125
38 0.1078125 0.23984375 0.215625 0.4796875
37 0.7483765226045144 0.24299492537969014 0.39437478115388913 0.4030636657978469
37 0.75390625 0.10390625 0.3640625 0.2078125
30 0.47578125 0.790625 0.0265625 0.175
38 0.34921875 0.9015625 0.1703125 0.196875
38 0.4265625 0.85 0.125 0.225
38 0.45234375 0.6671875 0.0734375 0.175
38 0.43125 0.54765625 0.115625 0.1359375
38 0.18359375 0.515625 0.1765625 0.071875
38 0.04765625 0.5296875 0.0953125 0.1
38 0.12421875 0.57578125 0.1953125 0.1921875
38 0.18641942363069486 0.6963171768561442 0.1792913757593057 0.20276824117149345
38 0.3162894147969796 0.7241748340289282 0.16548344889756947 0.21222771286306968
38 0.35390625 0.90703125 0.1734375 0.1859375
38 0.23359375 0.89296875 0.1984375 0.2140625
38 0.12126981515756992 0.8582305930306596 0.17896406743868062 0.18870574117149347
38 0.0609375 0.7609375 0.121875 0.1875
38 0.11875 0.5796875 0.19375 0.2
38 0.02890625 0.64296875 0.0578125 0.1953125
38 0.04765625 0.52578125 0.0953125 0.0921875
38 0.18671875 0.51953125 0.1796875 0.0796875
39 0.65509211597566 0.6085824075494521 0.14466180262104178 0.1882177830842357
39 0.52421875 0.56953125 0.0703125 0.1796875
39 0.5859063580918752 0.6307341864077687 0.11620949430041687 0.1711992264673885
39 0.6547511963321184 0.8294696963360613 0.11064917211208343 0.1332065503645808
39 0.5750623899113545 0.7704934647161924 0.09800370174736131 0.1256427474237598
39 0.695011213999549 0.7422231114107906 0.09829464247680555 0.1381427474237597