38 0.2046875 0.14765625 0.409375 0.2953125
40 0.4731083602127601 0.17681804992056974 0.12468075256024883 0.07710006249917623
40 0.5223810471432851 0.08289472605730785 0.10878273677523324 0.07213982710967279
40 0.7023793602833474 0.09852190584749394 0.08827281570031094 0.09519549756436803
40 0.4789088521084909 0.3972532808458462 0.10911593671876343 0.1314602800317722
40 0.53359375 0.49140625 0.1328125 0.0359375
40 0.4640625 0.30078125 0.109375 0.0859375
40 0.606527075941306 0.2386168461876915 0.09610072625188959 0.06879663879807012
40 0.631617352179078 0.3202935401813371 0.1355272472985769 0.0757284772718286
40 0.6171875 0.4890625 0.075 0.040625
40 0.5005122943712749 0.23108281006683948 0.13847023677523324 0.07265802434972927
40 0.8080202284592024 0.3547525405883742 0.079534852532014 0.10596935633066593
40 0.6901949626035997 0.4264111266265007 0.12337585779368573 0.10829551542127547
40 0.959375 0.46875 0.071875 0.08125
40 0.571902905007558 0.11409413311932251 0.11199874203690499 0.07375687418757346
40 0.5998073681052679 0.1769526432655922 0.11659523677523324 0.07227619480442452
40 0.6710368969738759 0.2586060178602027 0.08627069994353036 0.060820497564368026
40 0.7265126232257655 0.32489349107484156 0.08322129465362363 0.08886367694751698
36 0.19609375 0.84765625 0.3921875 0.3046875
36 0.1 0.628125 0.2 0.2375
36 0.2796875 0.58125 0.259375 0.14375
39 0.5484709232116479 0.8490396976470936 0.19252069994353035 0.06267509821299129
39 0.6625 0.96171875 0.15 0.0765625
39 0.6418260810618035 0.8943328323879738 0.1912158051769673 0.09387055113509071
39 0.8054027336502871 0.9368361578760889 0.12918624203690499 0.0740568831160271
39 0.8587181784733199 0.845188400165451 0.1362552893919517 0.08822847727182861
39 0.7570422864081798 0.8047327698887976 0.11723227360693604 0.08321369480442442
39 0.75546875 0.984375 0.1109375 0.03125