38 0.19651529130017625 0.23408291440606527 0.16584823320977699 0.14905937697836436
38 0.17476183158886222 0.14242435888814137 0.15247521397248337 0.12340427973732648
38 0.071875 0.10234375 0.14375 0.1578125
38 0.07578125 0.23359375 0.1515625 0.1765625
38 0.09196914583934719 0.3471771359119343 0.17991073320977707 0.14979636137453234
38 0.27641855690927286 0.2907213387617533 0.18503474282842394 0.16254202283992142
38 0.31015625 0.4046875 0.1578125 0.128125
38 0.1875 0.40546875 0.15625 0.1265625
38 0.35625 0.2859375 0.065625 0.128125
38 0.36328125 0.18984375 0.0515625 0.1140625
38 0.36484375 0.18359375 0.0484375 0.1140625
38 0.2763714608076224 0.09108983095983732 0.10845239546082901 0.11329893939369348
38 0.25390625 0.01875 0.1421875 0.0375
38 0.33984375 0.04375 0.0984375 0.0875
38 0.3151586530957413 0.16391982134889888 0.12881945916315996 0.11592597241038013
36 0.2359375 0.77578125 0.30625 0.3765625
38 0.715625 0.84609375 0.56875 0.3078125
38 0.67734375 0.6484375 0.5765625 0.359375