37 0.1796875 0.515625 0.359375 0.29375
37 0.20859375 0.8265625 0.3015625 0.346875
38 0.8265625 0.921875 0.146875 0.15625
38 0.734375 0.94140625 0.121875 0.1171875
38 0.9328125 0.96484375 0.134375 0.0703125
38 0.8838418420949352 0.8435233413067534 0.16096232576804823 0.1896003254152827
38 0.42890625 0.74609375 0.1390625 0.1765625
38 0.4574231527172232 0.5834891162882976 0.1820387176006804 0.21277700956072393
38 0.5594097494518459 0.49943668646179307 0.1820387176006804 0.21277700956072393
38 0.69140625 0.44609375 0.1703125 0.1546875
38 0.8125 0.4359375 0.16875 0.134375
38 0.9140625 0.503125 0.171875 0.19375
38 0.9484375 0.6453125 0.103125 0.18125
38 0.96796875 0.7875 0.0640625 0.175
38 0.96796875 0.91640625 0.0640625 0.1609375
38 0.8800223829317753 0.7341483413067534 0.12758434137714508 0.12666023442229637
38 0.7838195055271135 0.7371813086101866 0.11152283175849824 0.1131589389258032
38 0.7166840800292176 0.6757116849206335 0.11470239546082901 0.11492169802510173
38 0.6910441845683886 0.569300998615724 0.13755954210278443 0.1444485117201923
38 0.7852753342055688 0.5546494108619401 0.14186509618646853 0.1338114003691402
38 0.8353695926430895 0.6438330243724605 0.15011410580511536 0.14681204811738677
38 0.7783234736759482 0.7367505120339594 0.11303076805616721 0.11169656847545255
38 0.6849777561600858 0.866446108887042 0.11152283175849824 0.1131589389258032
38 0.512909294001701 0.8046539150239933 0.12111608656782166 0.12000971622369923
38 0.5555184346532067 0.9037131762827603 0.15329366950744613 0.14857480721668564
38 0.5388418222246694 0.7176452683554808 0.12020835099579194 0.1386595866740498
38 0.624037766959859 0.8030134669988914 0.11470239546082901 0.11492169802510181
38 0.6477356725874891 0.719280014654853 0.10877977767481432 0.1238961798265045
38 0.600012446001134 0.6307274568198586 0.12645835099579195 0.13906010487264703
38 0.7576960043459874 0.8187212052786992 0.11530259618646861 0.1321091980251019