38 0.29921875 0.17421875 0.4390625 0.3484375
37 0.21015625 0.95546875 0.1171875 0.0890625
37 0.3159331071162955 0.8793769731690727 0.1343544590952776 0.10087761688838306
37 0.1125 0.9609375 0.115625 0.078125
37 0.63203125 0.58828125 0.2265625 0.1859375
37 0.8616195881245368 0.5816180910974456 0.2485919078229628 0.18437984608959823
37 0.7936001943923605 0.7341163949660862 0.2506232995288887 0.17217157737079303
37 0.93359375 0.8609375 0.1328125 0.1875
37 0.603125 0.7515625 0.16875 0.16875
37 0.58125 0.90078125 0.125 0.1859375
37 0.75390625 0.9046875 0.2609375 0.190625
37 0.628125 0.98046875 0.21875 0.0390625