37 0.84296875 0.19765625 0.3140625 0.2640625
40 0.3203125 0.7234375 0.178125 0.1
40 0.275 0.3859375 0.125 0.071875
40 0.3828125 0.43203125 0.053125 0.0796875
40 0.13795657079180432 0.4906174971606262 0.1488566070321154 0.08219666558343128
40 0.2365805313122908 0.8026072082004003 0.20696949568106326 0.08789328652459369
40 0.3390625 0.47890625 0.140625 0.0953125
40 0.36875 0.36875 0.08125 0.0375
40 0.46953125 0.5828125 0.1203125 0.075
40 0.4730534616002206 0.6805527504070371 0.12595932757475126 0.11457278896022594
40 0.45625 0.46953125 0.09375 0.1734375
40 0.7345986381875227 0.5082065974055074 0.10883238433001133 0.09086255357072233
40 0.8719298550295307 0.5815059553610266 0.11185725478036197 0.08935460064862308
40 0.6653132078995928 0.7856691241908687 0.18721820018457008 0.07194100405718969
40 0.639303815550017 0.8992776566582729 0.1967934592838688 0.07522964529089186
40 0.65390625 0.38125 0.1765625 0.0625
40 0.8127994771779242 0.7979218879905864 0.1155434592838688 0.07381142126547413
40 0.6036724059246946 0.6759316599046837 0.13791910703211538 0.0820057508107789
40 0.734292547812845 0.7321798855549544 0.1870179410852714 0.06881600405718977
40 0.8159616548449604 0.6511559821463878 0.10853199568106327 0.0861750535707225
40 0.8015636975636765 0.40090656615591946 0.1252188479328166 0.07866256249917622
40 0.5843192334994457 0.5638953100668396 0.1346334207272058 0.10379893019392786
40 0.6276267473791064 0.4726157451320313 0.09789488433001133 0.09067163879807012
40 0.8048682587947569 0.8729764350684871 0.1260804410852714 0.06775233603812651
40 0.49140625 0.784375 0.1640625 0.103125
40 0.9859375 0.5328125 0.028125 0.071875
40 0.8495820905315611 0.47966676583160783 0.12103199568106326 0.08639324188232518
40 0.9375629518826131 0.4828133108809137 0.08888082973421944 0.07178527110331831
40 0.8988766795219627 0.769886616887268 0.12169332973421945 0.07235801542127537