37 0.6375 0.11640625 0.15625 0.2328125
37 0.83125 0.16796875 0.3375 0.3359375
37 0.67734375 0.43515625 0.2046875 0.0296875
38 0.22590413793624933 0.7743637833195878 0.20618837728583284 0.2725068004748536
38 0.175 0.559375 0.209375 0.21875
38 0.096875 0.68671875 0.19375 0.2203125
38 0.0421875 0.84921875 0.084375 0.2203125
38 0.13125 0.890625 0.2125 0.21875
30 0.3805732226204162 0.680677282461658 0.1934737638079625 0.2518760517284949
37 0.6609375 0.74140625 0.203125 0.5171875
37 0.7796875 0.77578125 0.440625 0.4484375