38 0.2345706797934813 0.2175924255383868 0.32374896590774294 0.22114682988342
38 0.06875 0.08046875 0.1375 0.1609375
38 0.04765625 0.3125 0.0953125 0.271875
30 0.375 0.04765625 0.0875 0.0953125
30 0.35703125 0.1203125 0.1234375 0.13125
37 0.49140625 0.38828125 0.1453125 0.2015625
37 0.6582417792242886 0.3109700369416785 0.35709902840691904 0.3438273132866804
37 0.7375 0.103125 0.40625 0.20625
39 0.296875 0.615625 0.24375 0.253125
39 0.20390625 0.8375 0.4078125 0.325
39 0.06015625 0.74296875 0.1203125 0.5078125
37 0.6921875 0.803125 0.546875 0.39375
37 0.709375 0.66796875 0.58125 0.3578125