38 0.2875 0.209375 0.24375 0.41875
38 0.1546875 0.153125 0.309375 0.30625
38 0.06328125 0.19609375 0.1265625 0.3921875
38 0.8485044623840283 0.22372286623025417 0.228275696047778 0.2931114975841041
38 0.83828125 0.365625 0.2203125 0.10625
38 0.92421875 0.3171875 0.1515625 0.203125
38 0.93125 0.13203125 0.1375 0.2578125
30 0.6694904160312506 0.27149133122346536 0.21061541736243078 0.27139599425012406
39 0.2046875 0.78828125 0.409375 0.4234375
39 0.2046875 0.63984375 0.409375 0.4421875
39 0.66796875 0.709375 0.5171875 0.58125
39 0.8125 0.709375 0.375 0.58125