37 0.84453125 0.309375 0.3109375 0.2875
37 0.91640625 0.10859375 0.1671875 0.2171875
37 0.75078125 0.0859375 0.2421875 0.171875
37 0.84765625 0.47578125 0.3046875 0.0859375
37 0.68984375 0.4078125 0.1203125 0.221875
38 0.046875 0.69140625 0.09375 0.3453125
38 0.1890625 0.6375 0.290625 0.2375
38 0.41015625 0.653125 0.2453125 0.26875
38 0.5625 0.61875 0.134375 0.2
38 0.55390625 0.85859375 0.1515625 0.2828125
38 0.44453125 0.94765625 0.3703125 0.1046875
38 0.203125 0.88359375 0.353125 0.2328125
37 0.8296875 0.759375 0.340625 0.48125