38 0.27890625 0.38984375 0.4609375 0.1203125
38 0.4015625 0.33984375 0.296875 0.2203125
38 0.178125 0.19921875 0.35625 0.3984375
38 0.3171875 0.0828125 0.359375 0.165625
38 0.4703125 0.2328125 0.159375 0.434375
38 0.775 0.26171875 0.45 0.3765625
40 0.0984375 0.96796875 0.13125 0.0640625
40 0.4078125 0.9203125 0.15 0.159375
40 0.3135195401113743 0.8692562784999159 0.1037613251355733 0.11658620248167431
40 0.41673596458301754 0.7264128506597596 0.13669199980360833 0.13919317599857095
40 0.29921875 0.9609375 0.1234375 0.078125
40 0.52890625 0.9359375 0.0421875 0.128125