39 0.2 0.184375 0.4 0.36875
39 0.2 0.41171875 0.4 0.3953125
40 0.484375 0.11875 0.16875 0.2375
40 0.4234375 0.29453125 0.046875 0.2890625
40 0.5578125 0.36875 0.315625 0.30625
40 0.65078125 0.096875 0.2734375 0.19375
40 0.86328125 0.12265625 0.2734375 0.2453125
40 0.83984375 0.35859375 0.3203125 0.3796875
40 0.79140625 0.5625 0.2703125 0.09375
40 0.5390625 0.53203125 0.278125 0.1546875
38 0.2 0.8046875 0.4 0.390625
38 0.915625 0.7921875 0.16875 0.365625
38 0.5046875 0.79453125 0.209375 0.3703125
38 0.6921875 0.73203125 0.31875 0.2453125