39 0.06796875 0.0765625 0.1359375 0.153125
39 0.41171875 0.121875 0.1921875 0.24375
39 0.453125 0.37109375 0.165625 0.1171875
39 0.5125 0.0828125 0.053125 0.165625
39 0.3441676233757861 0.24711393317365699 0.13911826650055428 0.22686347241038013
39 0.76953125 0.30234375 0.4609375 0.2546875
38 0.4453125 0.91171875 0.1875 0.1765625
38 0.34169135641380655 0.5989497501115417 0.2636967643410859 0.2754381705105008
38 0.24765625 0.80546875 0.2234375 0.3890625
38 0.1038768830933936 0.7881506117132165 0.19789009407530536 0.34206574852966193
38 0.11875 0.5078125 0.209375 0.15625
37 0.9390625 0.64921875 0.121875 0.4390625