39 0.21876790952350103 0.31691162135149503 0.19894690940281484 0.23907395697928918
39 0.16800211922587832 0.17425256290950858 0.19952099425012407 0.20787850405718977
39 0.18828125 0.0640625 0.1859375 0.128125
39 0.30703125 0.0796875 0.1921875 0.159375
39 0.3293701828613603 0.19483997808919806 0.1606499418245299 0.17131371266133186
39 0.4125 0.07265625 0.165625 0.1453125
39 0.078125 0.0890625 0.15625 0.1625
38 0.0625 0.7796875 0.125 0.440625
38 0.4296875 0.6625 0.278125 0.20625
38 0.409375 0.859375 0.31875 0.28125
39 0.6125 0.80625 0.0875 0.284375
39 0.6796875 0.6421875 0.221875 0.165625
39 0.8234375 0.6046875 0.246875 0.090625
39 0.7501298666408045 0.7154621696472117 0.206918906068835 0.2220500982129912