39 0.5203125 0.221875 0.059375 0.096875
39 0.376899739663563 0.14945039540895114 0.12816469473518968 0.09207950668363551
39 0.4746477589008567 0.12557763808876868 0.12471231252120454 0.08266814401654479
39 0.4175668904818696 0.23824072274822344 0.12460318511654264 0.07954314401654479
39 0.46015625 0.271875 0.1234375 0.015625
37 0.7517460053574776 0.16100715543440444 0.152202395460829 0.10953972668681722
37 0.5671875 0.2234375 0.034375 0.071875
37 0.82421875 0.27109375 0.1140625 0.0171875
37 0.93671875 0.23984375 0.1078125 0.0796875
36 0.275 0.63984375 0.55 0.7203125
39 0.90625 0.7609375 0.1875 0.459375
39 0.95625 0.38203125 0.0875 0.2046875
39 0.8571155185195035 0.5099980914226323 0.17419150126594438 0.24723972135581712
39 0.7390625 0.81875 0.24375 0.3625
39 0.62109375 0.82421875 0.1421875 0.3515625
39 0.7066616507334886 0.49886859273549683 0.25315480416850206 0.31688060669954404