39 0.63515625 0.92421875 0.15703125 0.128125
39 0.34140625 0.89609375 0.13984375 0.15078125
39 0.484375 0.67890625 0.159375 0.1390625
39 0.47265625 0.8796875 0.10703125 0.12890625
39 0.59296875 0.790625 0.14765625 0.15
39 0.64609375 0.63359375 0.1609375 0.15703125
39 0.4703125 0.5390625 0.184375 0.1375
39 0.6265625 0.48359375 0.12578125 0.11328125
39 0.5265625 0.3140625 0.13046875 0.10390625
39 0.4546875 0.43671875 0.1296875 0.08515625
39 0.34921875 0.5546875 0.090625 0.15078125
39 0.365625 0.67734375 0.084375 0.10703125