38 0.74453125 0.3671875 0.3203125 0.24375
39 0.0484375 0.9421875 0.096875 0.115625
39 0.0640625 0.57109375 0.128125 0.1640625
39 0.38671875 0.5546875 0.3171875 0.13125
39 0.471875 0.69296875 0.175 0.3203125
39 0.20863701972023913 0.6342475054640676 0.3003355771841275 0.25931227706208626
38 0.82734375 0.8890625 0.3453125 0.221875
38 0.65859375 0.8875 0.1984375 0.225
30 0.92890625 0.671875 0.1421875 0.240625
30 0.83984375 0.6078125 0.2171875 0.2375
30 0.66953125 0.615625 0.2203125 0.253125
30 0.59375 0.62890625 0.06875 0.2796875