39 0.28046875 0.39453125 0.2578125 0.3703125
37 0.6356356613971161 0.42231898990017935 0.19998504658871247 0.29447658404557514
37 0.95546875 0.30703125 0.0890625 0.2296875
37 0.7759788298663644 0.3858670084572052 0.12417167429258491 0.24810284200867017
37 0.4390625 0.0859375 0.059375 0.171875
37 0.5500987899331822 0.15394769247454548 0.11044050457555095 0.15095482622365458
37 0.46484375 0.2640625 0.1109375 0.153125
37 0.49165696318577723 0.4534842318664972 0.1369832050746652 0.20222889988706055
37 0.89609375 0.4609375 0.1515625 0.2375
37 0.8626519232525951 0.18680090592519125 0.12900261688838305 0.13338789462538864
37 0.97578125 0.11796875 0.0484375 0.1453125
37 0.6790569617301955 0.13858175575578202 0.08525261688838306 0.1308397472985769
40 0.8385048945504942 0.6535011004658753 0.2341475133110606 0.09444576294241802
40 0.9166632283690215 0.7502781189523139 0.1655854009982285 0.10910052616718495
40 0.86171875 0.94921875 0.2765625 0.1015625
40 0.6789060424287536 0.9212254687123176 0.12944021381017504 0.13807539462538862
40 0.6866938968382696 0.7353943845255679 0.12648087895165805 0.08972889988706054
40 0.91328125 0.85234375 0.1734375 0.1046875