39 0.1796875 0.1875 0.359375 0.375
39 0.1796875 0.4375 0.359375 0.303125
36 0.62421875 0.1734375 0.5296875 0.346875
36 0.94375 0.16796875 0.1125 0.3359375
38 0.103125 0.79453125 0.20625 0.4109375
39 0.4328125 0.96796875 0.146875 0.0640625
39 0.5661659284027327 0.8829109313073344 0.20275952090551302 0.15581470452587248
39 0.42265625 0.7421875 0.1265625 0.171875
39 0.76953125 0.67734375 0.2296875 0.1765625
39 0.37734375 0.84921875 0.0359375 0.1609375
39 0.7101819679358587 0.8195518923743105 0.17178253669052862 0.16032039734428025