39 0.34375 0.18359375 0.171875 0.1796875
39 0.2375065779551468 0.2650476656838853 0.184786030602962 0.18890895273377603
39 0.35625 0.465625 0.146875 0.128125
39 0.0359375 0.4890625 0.071875 0.08125
39 0.21171875 0.4671875 0.1640625 0.125
38 0.60234375 0.1734375 0.3453125 0.346875
38 0.71484375 0.43671875 0.5703125 0.1859375
38 0.61171875 0.34609375 0.3640625 0.3671875
39 0.21484375 0.76484375 0.4296875 0.4703125
37 0.71484375 0.81796875 0.5703125 0.3640625
37 0.69296875 0.76484375 0.5265625 0.4703125