39 0.6140625 0.0453125 0.109375 0.090625
39 0.51796875 0.07890625 0.1734375 0.1578125
39 0.603125 0.30234375 0.13125 0.1515625
39 0.4620047252546399 0.27762030140036054 0.15636018268618096 0.14554995202099902
39 0.23283484591823106 0.297612986035953 0.15159995735199913 0.13924540802036275
39 0.3203125 0.34765625 0.159375 0.1234375
37 0.8894570159134585 0.3292897000318167 0.07416475334181775 0.06335452267663584
37 0.9734375 0.17265625 0.053125 0.0546875
37 0.8997689019335031 0.18173344736631664 0.06784202800763595 0.057031797342454026
37 0.921875 0.384375 0.075 0.05
30 0.40851609858373106 0.7440270987428146 0.22531017735518083 0.1635374306969985
30 0.36632914592618526 0.6763396120703149 0.1890635946849084 0.13655676002545328
38 0.209375 0.9328125 0.30625 0.134375
38 0.11796875 0.9046875 0.2359375 0.190625
38 0.11640625 0.80078125 0.2328125 0.2234375
38 0.1109375 0.653125 0.221875 0.225
38 0.1875 0.49921875 0.225 0.1796875
38 0.34296875 0.459375 0.2328125 0.1
38 0.43359375 0.928125 0.2578125 0.14375
38 0.596875 0.89140625 0.14375 0.2171875
39 0.834375 0.75234375 0.33125 0.4953125