39 0.747816642355977 0.1950824536427885 0.19221135771838505 0.12545145861557022
39 0.70703125 0.05234375 0.1640625 0.1046875
39 0.6881286245614799 0.11365539122745964 0.20110619665368965 0.152423394391219
39 0.56328125 0.02890625 0.1390625 0.0578125
39 0.4703125 0.06015625 0.15 0.1203125
39 0.5404232950177155 0.13940342096478603 0.13101918973360754 0.1160078595655099
37 0.9265625 0.08046875 0.09375 0.1609375
37 0.90625 0.259375 0.053125 0.51875
37 0.534375 0.759375 0.690625 0.48125
40 0.9234375 0.90859375 0.0875 0.1828125
40 0.93984375 0.81328125 0.1203125 0.2578125
40 0.93984375 0.65390625 0.1203125 0.2703125