39 0.36484375 0.13984375 0.5484375 0.2796875
30 0.9375 0.13515625 0.125 0.0984375
30 0.9421875 0.21484375 0.115625 0.0828125
38 0.74609375 0.03125 0.2140625 0.0625
38 0.7 0.10546875 0.121875 0.1171875
38 0.72578125 0.2203125 0.1734375 0.115625
39 0.559375 0.753125 0.159375 0.153125
39 0.47147330606741866 0.8693610693957398 0.11123514427970278 0.1893273271096728
39 0.4603075944571879 0.5943337958567894 0.1090178798517325 0.1705500535707225
37 0.853125 0.9 0.29375 0.2
37 0.7578125 0.35546875 0.2375 0.1421875
37 0.87109375 0.73046875 0.2578125 0.1765625
37 0.8694395469969258 0.5787083904163326 0.19128474282842375 0.15637055113509035
37 0.68828125 0.80703125 0.0984375 0.1359375