39 0.28828125 0.29765625 0.4234375 0.3421875
39 0.184375 0.29296875 0.36875 0.3515625
36 0.8984375 0.23359375 0.203125 0.3640625
37 0.25 0.734375 0.5 0.53125
30 0.6125 0.95078125 0.15 0.0984375
38 0.6596284153218686 0.783370093641301 0.23042030788560605 0.19885131455356592
38 0.6342453912351033 0.8907203369733413 0.20829021637033698 0.19394067394668246
38 0.91875 0.8921875 0.1625 0.2
38 0.8171875 0.91875 0.2125 0.1625
38 0.651688369564234 0.7811698648531283 0.22429785364324067 0.19990363152302787
38 0.7626419739563807 0.7428882280392666 0.23702099425012424 0.22267145182646947
38 0.8831937189554109 0.7271193200135777 0.19304785364324067 0.19735271637033697
38 0.9609375 0.765625 0.078125 0.2