39 0.27421875 0.4484375 0.2515625 0.2625
39 0.1078125 0.26484375 0.215625 0.3921875
39 0.19140625 0.0421875 0.2359375 0.084375
39 0.58046875 0.19609375 0.2765625 0.3921875
39 0.325 0.15546875 0.296875 0.3109375
39 0.75078125 0.32421875 0.0640625 0.2421875
39 0.80703125 0.2015625 0.1765625 0.21875
39 0.78046875 0.4875 0.1234375 0.184375
39 0.8703125 0.50625 0.140625 0.146875
39 0.975 0.40078125 0.05 0.1640625
39 0.93515625 0.27109375 0.1296875 0.1765625
39 0.0484375 0.67265625 0.096875 0.1859375
39 0.0984375 0.84375 0.196875 0.265625
39 0.2125 0.671875 0.221875 0.184375
39 0.34609375 0.6046875 0.1796875 0.05
39 0.2850599817327602 0.8185704490569918 0.1955148717519414 0.2074392275213885
39 0.41187762621287305 0.8669410155978717 0.1412910219140972 0.22921719123481452
39 0.5814480121715693 0.7198726515543534 0.17915348620028232 0.1638847171537959
39 0.4796875 0.62890625 0.1375 0.0984375