39 0.528125 0.08828125 0.184375 0.1765625
39 0.5168512822601009 0.23658255609460044 0.15505998924663303 0.15083299985882573
39 0.546875 0.3609375 0.184375 0.19375
39 0.40413942059711117 0.14731420071998916 0.18256855913900924 0.17269258930724707
39 0.324152205957584 0.29221644801856606 0.1819521290313853 0.19291408404557514
39 0.23248274441842876 0.15263727950389253 0.19623295285270287 0.19842063140062188
39 0.18205244313730234 0.3487989189381965 0.17723039578060842 0.22536256299888785
39 0.09090952047327665 0.21464299779268714 0.16283825599585597 0.18400952090551304
39 0.22581309760436313 0.46311975319553333 0.17413532092583353 0.1254535682605596
39 0.33993340963885643 0.40505037698599605 0.11395980024766902 0.1048078683170294
39 0.1190515213018462 0.5137483557275472 0.13452916542531543 0.1449624314570915
39 0.03125 0.44765625 0.0625 0.1234375
39 0.08257682795965601 0.39354924779268713 0.10833053846084476 0.15122784200867018
36 0.83359375 0.11328125 0.3328125 0.2265625
36 0.86015625 0.3828125 0.2796875 0.453125
36 0.765625 0.29140625 0.253125 0.2890625
37 0.31953125 0.8046875 0.6390625 0.390625
37 0.7921875 0.66875 0.1875 0.11875
37 0.6765625 0.81796875 0.075 0.1234375
37 0.92421875 0.66640625 0.1515625 0.1140625
37 0.9765625 0.70390625 0.046875 0.1890625