33 0.08125 0.41328125 0.1625 0.3734375
33 0.1359375 0.1265625 0.271875 0.253125
38 0.5625 0.02265625 0.10625 0.0453125
38 0.7453125 0.02890625 0.15 0.0578125
38 0.5609375 0.4453125 0.103125 0.196875
38 0.6581921062613904 0.4479711530957413 0.16968905917039337 0.19764387023308566
38 0.8010023191346252 0.41181041988596434 0.16350476114786475 0.15378474282842394
38 0.9100056145592635 0.34643590182979694 0.1658649366422324 0.14295637023308566
38 0.93359375 0.21015625 0.1328125 0.1734375
38 0.92421875 0.06953125 0.1515625 0.1390625
38 0.800804485245839 0.057995939123258025 0.12171074505632155 0.11335815027015243
38 0.7186914717521857 0.11775537423980076 0.10688342055068922 0.10192957694917482
38 0.6960027347416359 0.20817204311427479 0.11000842055068923 0.10203870435383652
38 0.7302524125817922 0.30906985500250705 0.13228761213660042 0.13087303248413776
38 0.8170693515698133 0.26005694692780634 0.13766352698730663 0.11859128729346118
38 0.811780554051488 0.1573684565464532 0.14478761213660044 0.13130954210278462
38 0.7145120701430313 0.12179803349562794 0.10978989926336595 0.09891370435383653
38 0.567899150096545 0.07859864891939009 0.10688342055068922 0.10192957694917482
38 0.54453125 0.2890625 0.0703125 0.128125
38 0.5578125 0.16640625 0.096875 0.1015625
38 0.6149876815233272 0.21879457378431386 0.10307000569998319 0.11426588584218215
38 0.6227841200071452 0.31905746861217066 0.11956909084927717 0.1273115228654909
38 0.6542190623493612 0.07012889529119307 0.10841306956195354 0.12380457694917482
38 0.06953125 0.9171875 0.1390625 0.165625
38 0.2017053395887693 0.8235118448357059 0.22440941015912905 0.17773316351699647
38 0.23359375 0.93046875 0.2359375 0.1390625
40 0.91484375 0.6328125 0.1703125 0.065625
40 0.69765625 0.93203125 0.2796875 0.1359375
40 0.609375 0.81015625 0.2 0.2578125
40 0.546875 0.8703125 0.075 0.259375
40 0.65234375 0.65546875 0.2859375 0.1109375
40 0.91484375 0.7609375 0.1703125 0.221875
40 0.7827753871070948 0.73536949329176 0.2443284262506725 0.2173958642426359
40 0.90546875 0.93203125 0.1890625 0.1359375