39 0.35390625 0.13046875 0.2921875 0.2609375
39 0.39140625 0.27578125 0.2171875 0.2734375
39 0.18515625 0.09375 0.3390625 0.1875
39 0.09609375 0.1078125 0.1921875 0.215625
39 0.2628557683022036 0.3151767847169248 0.3282361127284242 0.36017119395056163
38 0.33671875 0.63671875 0.3265625 0.2546875
38 0.2046875 0.7265625 0.409375 0.434375
38 0.3875 0.790625 0.225 0.41875
37 0.86015625 0.92109375 0.2671875 0.1578125
37 0.6453125 0.93671875 0.290625 0.1265625
37 0.62890625 0.8390625 0.2578125 0.25
37 0.62578125 0.659375 0.2515625 0.278125