39 0.1390625 0.0546875 0.140625 0.109375
39 0.0578125 0.01484375 0.115625 0.0296875
39 0.21153591597367677 0.1340539368050389 0.1240431851080741 0.07821252471457943
39 0.14484662292052547 0.21838517444774924 0.124231072795242 0.09689885771838495
40 0.7804752227544907 0.25381599707143154 0.21311053119767243 0.31532520555093824
40 0.71171875 0.05625 0.2859375 0.1125
40 0.9328125 0.18828125 0.134375 0.3109375
37 0.1609375 0.6296875 0.321875 0.321875
37 0.4125 0.74296875 0.3125 0.5140625
37 0.8203125 0.9390625 0.121875 0.121875
37 0.921875 0.85625 0.15625 0.209375
37 0.7301598498339652 0.6738167737631773 0.13221166098152412 0.16571252471457942