39 0.31875 0.2546875 0.434375 0.509375
39 0.50078125 0.26796875 0.1578125 0.4828125
38 0.95703125 0.321875 0.0859375 0.3125
38 0.74296875 0.31953125 0.3265625 0.2546875
38 0.94140625 0.09921875 0.1171875 0.1984375
38 0.84296875 0.096875 0.2203125 0.19375
39 0.10078125 0.94765625 0.1765625 0.1046875
39 0.16434627414838782 0.8078762366169461 0.12393290815498563 0.1829636917107738
38 0.7606124865391508 0.8206865958182059 0.16037051332783517 0.20161553262324466
38 0.6328125 0.71171875 0.10625 0.1578125
38 0.61171875 0.596875 0.0640625 0.146875
38 0.7474723258768827 0.664786764297275 0.17229620031656906 0.12875103558899426
38 0.8999835604374766 0.6374536486702246 0.12041545157021041 0.11571252471457924
38 0.93984375 0.71328125 0.1203125 0.1234375
30 0.81796875 0.5578125 0.1390625 0.096875