39 0.67421875 0.2296875 0.1109375 0.15
39 0.5735543189179365 0.25343094457708837 0.17283676212786467 0.16235891066226812
39 0.48828125 0.03515625 0.1703125 0.0703125
39 0.21327843840389718 0.24040472499368234 0.15787338161382528 0.13855769780928676
39 0.22896218730411116 0.12867160312778542 0.15376302940820957 0.12909176959604132
39 0.2671875 0.05234375 0.13125 0.1046875
39 0.3902304970470915 0.1122245860390266 0.15787338161382536 0.13855769780928656
36 0.86484375 0.09140625 0.2703125 0.1828125
40 0.6234375 0.48359375 0.2125 0.0890625
40 0.575 0.60390625 0.309375 0.2609375
40 0.67109375 0.83515625 0.1171875 0.2796875
40 0.18359375 0.90078125 0.2890625 0.1984375
40 0.35078125 0.51171875 0.4171875 0.1453125
40 0.37514490071707396 0.6758491653476286 0.24452866469806106 0.28127404671392997
40 0.0859375 0.696875 0.171875 0.275
40 0.07421875 0.51328125 0.1484375 0.1484375
40 0.37265625 0.89296875 0.2578125 0.2140625
37 0.86484375 0.80703125 0.2703125 0.3859375
37 0.86484375 0.5484375 0.2703125 0.21875