39 0.334375 0.43671875 0.15 0.2359375
39 0.24921875 0.54296875 0.1609375 0.1140625
39 0.35859375 0.559375 0.1015625 0.08125
39 0.2661872267552759 0.2714838932655922 0.1452211020792368 0.18666597727182851
39 0.3609375 0.2765625 0.096875 0.14375
39 0.39375 0.35703125 0.03125 0.1828125
39 0.01796875 0.409375 0.0359375 0.109375
39 0.055352780069979415 0.46943797240385987 0.08724173610255286 0.12167617694751698
39 0.13411732011193572 0.449337932225818 0.062146647720270475 0.09939207386326174
39 0.09333895475995165 0.4211817045469524 0.05940015601864026 0.08373980032431164
39 0.0390625 0.33671875 0.078125 0.0953125
38 0.82109375 0.746875 0.3328125 0.29375
38 0.69921875 0.86015625 0.3171875 0.2796875
38 0.521875 0.9296875 0.225 0.140625
52 0.4484375 0.7828125 0.078125 0.246875