36 0.759375 0.24453125 0.48125 0.4890625
36 0.5640625 0.10234375 0.35 0.2046875
36 0.51875 0.32578125 0.259375 0.3265625
38 0.18515625 0.803125 0.3703125 0.39375
38 0.125 0.5953125 0.25 0.2125
38 0.93125 0.53203125 0.1375 0.0859375
38 0.78671875 0.5546875 0.2484375 0.13125
38 0.56640625 0.56796875 0.2453125 0.1578125
38 0.5416597190194782 0.6943385162232338 0.3020958457707 0.21633937479169915
38 0.51484375 0.8515625 0.2515625 0.2
38 0.55703125 0.925 0.3046875 0.15
38 0.6625 0.96640625 0.315625 0.0671875
38 0.8765625 0.95703125 0.246875 0.0859375