39 0.52890625 0.49375 0.10390625 0.21640625
39 0.64296875 0.6234375 0.10546875 0.18671875
39 0.5203125 0.69609375 0.0875 0.2078125
39 0.57890625 0.31015625 0.09609375 0.1671875
39 0.47890625 0.34140625 0.0765625 0.12890625
39 0.421875 0.4375 0.07578125 0.16953125
39 0.9203125 0.5953125 0.06171875 0.13359375
39 0.89609375 0.315625 0.0640625 0.096875
39 0.92109375 0.425 0.06875 0.115625
39 0.85859375 0.38359375 0.04453125 0.10078125
39 0.81328125 0.45546875 0.05390625 0.1109375
39 0.734375 0.4546875 0.03515625 0.09296875
39 0.76953125 0.4171875 0.03671875 0.0765625
39 0.81875 0.31796875 0.07421875 0.078125
39 0.96015625 0.3 0.0671875 0.1
39 0.23046875 0.50078125 0.06015625 0.1234375
39 0.20625 0.36015625 0.05546875 0.1125
39 0.1390625 0.50859375 0.0390625 0.1171875
39 0.0515625 0.39921875 0.04921875 0.10234375
39 0.01484375 0.43671875 0.0296875 0.1234375
39 0.0484375 0.503125 0.040625 0.10546875