39 0.14296875 0.175 0.2859375 0.35
39 0.42109375 0.30234375 0.3578125 0.6046875
39 0.57890625 0.3484375 0.0421875 0.5625
37 0.734375 0.3265625 0.26875 0.478125
38 0.7713443846129566 0.8248279601998268 0.12246581306795043 0.1495662017473613
38 0.76015625 0.68203125 0.1421875 0.1046875
38 0.9328125 0.98046875 0.1125 0.0390625
38 0.7252742133966729 0.908039197282049 0.1357277923897861 0.1327060100679862
38 0.8678790903611435 0.90355433187507 0.11189218610347992 0.15712412860909736
38 0.96328125 0.70625 0.0734375 0.153125
38 0.6637972502048879 0.7107271329775002 0.09971751778268043 0.13030705547083343