39 0.2296875 0.209375 0.459375 0.41875
40 0.9671875 0.221875 0.065625 0.190625
40 0.815625 0.07109375 0.1125 0.1421875
40 0.7056708214231401 0.10327473033745171 0.11050220452587264 0.19693248746358769
40 0.9027867159387499 0.1504094577719095 0.11191016842151917 0.1704154515702104
40 0.8482451825648709 0.3081704819868043 0.11829652380771342 0.1940348079967011
40 0.7543724627172962 0.2843488855894435 0.0962215359079619 0.1590233105039836
40 0.69296875 0.35390625 0.0890625 0.1296875
40 0.5559844388113869 0.15281642610167429 0.12881586729005096 0.12247805674305993
40 0.5839508784083407 0.2606432979675713 0.12105790944452863 0.13162573620994636
40 0.9609375 0.39375 0.078125 0.05
40 0.94296875 0.340625 0.1140625 0.121875
40 0.85 0.39921875 0.125 0.0390625
40 0.51484375 0.06640625 0.1046875 0.1328125
37 0.2796875 0.75078125 0.359375 0.4984375
37 0.2015625 0.48984375 0.403125 0.1421875
37 0.10234375 0.65078125 0.2046875 0.4640625
36 0.7296875 0.709375 0.540625 0.58125