37 0.809375 0.3203125 0.35 0.278125
37 0.509375 0.3484375 0.3 0.221875
37 0.4890625 0.134375 0.259375 0.26875
37 0.75703125 0.10234375 0.3328125 0.2046875
37 0.9515625 0.16875 0.096875 0.265625
38 0.1796875 0.7296875 0.359375 0.540625
40 0.5984375 0.95625 0.15 0.0875
40 0.833253765504906 0.8642747347360634 0.19132621196999972 0.1800646391103733
40 0.5133719095199062 0.7999256446659275 0.25577969123481453 0.15312020974529403
40 0.890625 0.70546875 0.21875 0.1578125
40 0.5948871667299528 0.6540741216869683 0.15804482026407368 0.19036178901808826
40 0.753125 0.509375 0.253125 0.1
40 0.48046875 0.49453125 0.2421875 0.0703125