39 0.4859375 0.12265625 0.228125 0.2046875
39 0.54765625 0.309375 0.1046875 0.20625
39 0.38235199309684587 0.3205712032543218 0.241100107141445 0.20901356269890758
39 0.23534239975182344 0.4488700206079118 0.18087962743398442 0.15988517202418073
39 0.4359375 0.4640625 0.20625 0.13125
39 0.1348518814911741 0.1085637412874112 0.1300807865245938 0.20303518801718107
39 0.2694138421239112 0.16247798726927565 0.18444100405718977 0.18492153469127165
39 0.02421875 0.253125 0.0484375 0.15
38 0.91484375 0.0734375 0.1703125 0.146875
37 0.36328125 0.80625 0.4734375 0.3875
37 0.3 0.578125 0.6 0.096875
39 0.872499706165215 0.8536569705999575 0.22392051542127547 0.11976924936345332
39 0.94921875 0.95703125 0.1015625 0.0859375
39 0.68671875 0.8921875 0.1734375 0.109375
39 0.7230121749156269 0.7952279472867749 0.13431254464226877 0.08748291335136286
39 0.8221394216692159 0.7440643419398664 0.17493754464226868 0.08795562802354447
39 0.89453125 0.56015625 0.1265625 0.0609375
39 0.75546875 0.54296875 0.1171875 0.0265625