39 0.36640625 0.2609375 0.0859375 0.0375
40 0.31328125 0.4140625 0.1921875 0.190625
40 0.07265625 0.34921875 0.1453125 0.1390625
40 0.1927121112292843 0.5220844718997416 0.18306681788754578 0.23949753460041112
40 0.028125 0.65 0.05625 0.203125
40 0.346875 0.77421875 0.125 0.2546875
40 0.13671875 0.878125 0.2734375 0.24375
38 0.59921875 0.9421875 0.2359375 0.115625
38 0.49140625 0.8546875 0.1640625 0.2125
38 0.4796875 0.653125 0.140625 0.209375
38 0.5956624127367947 0.4847649081361268 0.2440362687959315 0.22329421444818678
38 0.780260682281632 0.47593503068325943 0.16903626879593148 0.22023819863085597
38 0.9296875 0.58046875 0.140625 0.2515625
38 0.934375 0.86875 0.13125 0.20625