39 0.0625 0.08828125 0.125 0.1765625
39 0.134375 0.2421875 0.26875 0.19375
39 0.134375 0.16953125 0.26875 0.3390625
39 0.7351098986702246 0.22326647327107327 0.1275121877564409 0.10502969269935694
39 0.8228353917501424 0.2524499544879929 0.12288835475263546 0.10640119171077381
39 0.6391461412558508 0.26227457654083397 0.1068813527754692 0.09638952174882984
39 0.6130067469970694 0.15726608296662453 0.12107118676785796 0.10008752471457934
39 0.5247745765408339 0.17880018475351048 0.09900518577927464 0.09450868676785795
37 0.81875 0.70546875 0.3625 0.5078125
37 0.68046875 0.48828125 0.5296875 0.2984375
37 0.521875 0.72109375 0.50625 0.5578125