39 0.40546875 0.1484375 0.2078125 0.284375
39 0.27265625 0.09453125 0.2203125 0.1890625
39 0.4140625 0.0453125 0.190625 0.090625
39 0.4046875 0.33828125 0.209375 0.2421875
39 0.309375 0.37890625 0.19375 0.1609375
39 0.10943925217807804 0.327812686414415 0.2037568004748537 0.20250260600488942
39 0.16800557310690287 0.17300532347873537 0.1725522645814764 0.20096430190963108
38 0.2546875 0.7296875 0.509375 0.540625
37 0.88671875 0.88984375 0.2265625 0.2203125
37 0.78671875 0.75078125 0.4265625 0.4171875
37 0.64765625 0.6375 0.2765625 0.296875
37 0.6984375 0.925 0.309375 0.15