39 0.33359375 0.334375 0.4703125 0.290625
39 0.284375 0.121875 0.56875 0.24375
37 0.7688593319088495 0.30221374395291123 0.2896056154744319 0.334395370703362
37 0.6140625 0.34609375 0.090625 0.2609375
37 0.6265625 0.11796875 0.115625 0.2359375
37 0.93828125 0.34453125 0.1234375 0.2703125
37 0.91171875 0.10546875 0.1765625 0.2109375
37 0.0890625 0.83984375 0.178125 0.3203125
37 0.2548059952324383 0.7635030432447768 0.3416539628859484 0.2897192173774526
37 0.24140625 0.55703125 0.2703125 0.1546875
36 0.7765625 0.715625 0.415625 0.43125