33 0.109375 0.303125 0.21875 0.23125
33 0.17890625 0.1265625 0.2578125 0.253125
33 0.41015625 0.37890625 0.2546875 0.0796875
33 0.58515625 0.35078125 0.2078125 0.1359375
33 0.3566390450215975 0.23807174950588986 0.20930749050069472 0.27745568401734033
37 0.896875 0.03359375 0.20625 0.0671875
36 0.43203125 0.67578125 0.5140625 0.4390625
37 0.7380929860353824 0.7648848784874372 0.0730387629177777 0.05418624203690499
37 0.69609375 0.565625 0.0140625 0.05
37 0.98203125 0.8296875 0.0359375 0.046875
37 0.8983544195466322 0.5776109335938173 0.05407055737069442 0.043719178896842695
37 0.9703125 0.55234375 0.059375 0.0453125
37 0.721875 0.70234375 0.065625 0.0453125
37 0.9011008258911464 0.7291279309629815 0.06976829255305575 0.04775423151356133
37 0.8657620847248616 0.6857195652062008 0.07427395459715277 0.0402147472985769
37 0.8358258904800355 0.9749871915569124 0.07289329255305566 0.04793624203690498
37 0.9402217965402089 0.9350362967197622 0.07779899810013902 0.05758425782192056