39 0.43203125 0.078125 0.3734375 0.15625
39 0.253125 0.24609375 0.459375 0.2265625
39 0.09609375 0.1796875 0.1921875 0.359375
37 0.7546592629922341 0.1022640694620847 0.07126707386326174 0.060839046654166576
37 0.8008933348269011 0.13488178835930711 0.07274775324641078 0.056288247690925886
37 0.6328125 0.103125 0.028125 0.059375
39 0.49875768506848717 0.4841101002820385 0.16936938311602728 0.1396270109332404
39 0.5515625 0.61640625 0.134375 0.1015625
39 0.49282923904624665 0.5556139533923162 0.15950345941492117 0.11068180471268488
39 0.28016164367262936 0.5391173949099548 0.11887845941492117 0.10712757775694434
39 0.3563053579588143 0.6011006935903715 0.1139727711033185 0.09421747464666641
39 0.35763780722746574 0.4800752941087511 0.12800799756436804 0.09388528397749987
39 0.97265625 0.678125 0.0546875 0.09375