39 0.09921875 0.56015625 0.1984375 0.1390625
39 0.30535428548851395 0.46013478461172974 0.22422256580012637 0.19925675469445317
39 0.2203125 0.590625 0.16875 0.078125
39 0.365625 0.56796875 0.21875 0.1234375
39 0.4734538797885349 0.4910291539226854 0.23514796784775527 0.21499084269572605
39 0.34311215828842967 0.3282938912715029 0.2470278070287037 0.2088862933640895
39 0.5101264711551105 0.3482507605824584 0.17800402047629085 0.1581408586887262
39 0.478091405354984 0.15152121125082196 0.179101399862002 0.15347154002227176
39 0.3661571253883665 0.22947458326704845 0.16645845760961003 0.1361567706874535
39 0.2242373629645941 0.28900521928709305 0.16580200293344563 0.17672722668681723
39 0.19516285821943075 0.40588418395927456 0.13661591740484713 0.13424882535009014
39 0.98046875 0.4984375 0.0390625 0.125
39 0.864438468595574 0.5020137492839114 0.13129615863342464 0.14355110001590835
39 0.96640625 0.578125 0.0671875 0.103125
39 0.9625 0.403125 0.075 0.103125
39 0.91640625 0.68828125 0.1140625 0.1171875
39 0.8687674963765645 0.7453990279280942 0.10819293494769226 0.11518974267981755