39 0.309375 0.13984375 0.61875 0.2796875
40 0.09375 0.503125 0.1875 0.21875
40 0.5296875 0.73046875 0.178125 0.3359375
40 0.5359375 0.4234375 0.165625 0.2875
40 0.0765625 0.7984375 0.153125 0.21875
40 0.242693955704223 0.5939265368974079 0.25099993949875793 0.19668143276206518
40 0.0796875 0.665625 0.159375 0.1875
40 0.2632417632785988 0.8198809740307272 0.23850902985783753 0.19700361112396186
40 0.36484375 0.35625 0.2578125 0.153125
40 0.1109375 0.34296875 0.221875 0.1265625
33 0.68125 0.49609375 0.125 0.3984375