39 0.18714063087572747 0.22695618238393545 0.163988198630856 0.15891273531769165
39 0.2776781061611481 0.3397044313504781 0.11232753954332697 0.19237589867609248
39 0.28984375 0.075 0.1109375 0.15
37 0.784375 0.196875 0.43125 0.39375
40 0.05625 0.88828125 0.1125 0.0796875
40 0.046875 0.8203125 0.09375 0.071875
40 0.1976244861226545 0.7741116263452982 0.1979865138401644 0.07472182588823228
40 0.3009603917501424 0.8215430903656529 0.09205484882113639 0.07758565260503394
40 0.37109375 0.68046875 0.0578125 0.0609375
40 0.1627361970736191 0.9605414319696507 0.09785917984777566 0.06693925103345748
40 0.1878436264271032 0.8993299501666158 0.13411501482874763 0.07642556699689215
40 0.1375 0.6625 0.103125 0.025