39 0.63125 0.9234375 0.15703125 0.14140625
39 0.48046875 0.88046875 0.11484375 0.1234375
39 0.3453125 0.8984375 0.146875 0.16875
39 0.60234375 0.790625 0.13125 0.146875
39 0.48359375 0.68515625 0.15234375 0.13984375
39 0.6484375 0.625 0.1546875 0.1546875
39 0.4703125 0.5375 0.190625 0.12578125
39 0.6296875 0.4765625 0.15 0.12265625
39 0.5234375 0.3125 0.11953125 0.115625
39 0.34453125 0.55703125 0.08125 0.15234375
39 0.36796875 0.678125 0.078125 0.09375
39 0.32734375 0.44453125 0.11484375 0.103125
39 0.42265625 0.35703125 0.10390625 0.06953125
39 0.45625 0.43359375 0.13125 0.07265625