39 0.26640625 0.2390625 0.1203125 0.059375
39 0.22681192041905449 0.10020155054229299 0.13794035178688588 0.08828177088084717
39 0.171875 0.2328125 0.115625 0.071875
39 0.3521209851340713 0.18923275516636143 0.09686968281352523 0.07710792154477701
39 0.4046875 0.2578125 0.1125 0.021875
39 0.48515625 0.23671875 0.0890625 0.0640625
40 0.7640625 0.1390625 0.26875 0.24375
38 0.4125 0.89609375 0.434375 0.2078125
38 0.103125 0.934375 0.20625 0.13125
38 0.14375 0.68984375 0.2875 0.3546875
38 0.26347893228205255 0.4748561168972675 0.46620590912471 0.3620021137740096
38 0.45 0.38984375 0.359375 0.2421875
30 0.52890625 0.72421875 0.2015625 0.3421875
37 0.6796875 0.55625 0.1 0.309375
37 0.70078125 0.83515625 0.1421875 0.2953125
37 0.7948496546017237 0.6810753424021831 0.28404071345960347 0.2234749031980126