39 0.2375 0.21953125 0.284375 0.4390625
37 0.8265625 0.1234375 0.24375 0.246875
37 0.61328125 0.07890625 0.2640625 0.1578125
37 0.6341243653870434 0.2640918669066064 0.29231604838564207 0.3225105598375791
37 0.46796875 0.303125 0.1765625 0.271875
37 0.9421875 0.10703125 0.115625 0.2140625
40 0.34609375 0.5984375 0.0671875 0.128125
40 0.2573008079006641 0.6773392458379469 0.14092471463952716 0.14923614126984167
40 0.2675062537240536 0.759250579891103 0.132200377997928 0.09571062307124426
40 0.14184697415454905 0.84831068476375 0.09099748924663302 0.14759449568106325
40 0.18816120202864256 0.8071757425987443 0.09851889081820961 0.14184514342931004
40 0.3484375 0.81015625 0.0625 0.1390625
30 0.8811299520286425 0.8518050131136935 0.14783399420903187 0.23068640036914018
30 0.8069454352794196 0.889273537172387 0.12421240363849115 0.19178458667404988
30 0.75625 0.5015625 0.165625 0.125
38 0.59921875 0.97109375 0.1734375 0.0578125
38 0.534375 0.88828125 0.2 0.2234375
38 0.5043791691493691 0.6960181971022512 0.20372012117350238 0.2264785641565159
38 0.4833860806457431 0.5446955289959389 0.1820591368892682 0.16277700956072394
38 0.9546875 0.490625 0.090625 0.103125