39 0.3085145101704079 0.07466795251176697 0.1477234104104042 0.12432961850553052
39 0.2794024047957965 0.19122816111590915 0.16894596302712267 0.14030917451188502
39 0.20764923116062556 0.13846562540209417 0.1660029735504665 0.14337962743398425
39 0.09690071793585871 0.20677352028924414 0.15304794724210727 0.13534893912238175
39 0.04140625 0.28359375 0.0828125 0.1171875
39 0.1684186731410609 0.26889741923358396 0.12401289462538863 0.11923301542127547
39 0.08690263360793482 0.32991101136079043 0.13660389988706054 0.12101370373287815
40 0.521875 0.18515625 0.20625 0.2546875
40 0.6917860966350575 0.39755070454365715 0.22700065770898128 0.19907624837514692
40 0.6849621600574685 0.11958934577735914 0.23167274715740263 0.22569329545304767
40 0.89609375 0.365625 0.2078125 0.26875
40 0.77421875 0.05390625 0.2421875 0.1078125
40 0.9375 0.22265625 0.125 0.2046875
38 0.209375 0.715625 0.41875 0.43125
38 0.10390625 0.75 0.2078125 0.5
38 0.25234375 0.8875 0.3328125 0.225