39 0.2640625 0.38203125 0.30625 0.1546875
39 0.19140625 0.1078125 0.2796875 0.215625
37 0.617831932793711 0.30217235215247706 0.0713698858558109 0.059452082712657804
37 0.5495656222069598 0.1980884737402643 0.07278683664159917 0.05639985731976358
37 0.4708092295267233 0.2722216406133218 0.07562073821317572 0.05029540653397531
37 0.9734375 0.45078125 0.053125 0.0171875
37 0.984375 0.31171875 0.03125 0.0578125
37 0.8385596557054058 0.25039572063989246 0.05999573821317554 0.04956766046291676
37 0.9038186286171005 0.2058601625343405 0.06639128742738762 0.052983758891340216
37 0.5291868097581818 0.298471617453958 0.07100601282028159 0.051639582712657714
37 0.4629282630251693 0.33835606286306275 0.06751713978475227 0.043681533498445904
37 0.6915498767550737 0.4224441567433724 0.07420378742738745 0.05334763192686935
37 0.8712908806840151 0.3984136896226458 0.07591183664159899 0.0565454065339754
37 0.8282835893276863 0.365967216710951 0.0787457382131758 0.050440955748186946
37 0.99140625 0.37890625 0.0171875 0.0546875
37 0.45234375 0.12578125 0.0671875 0.0546875
37 0.42890625 0.1515625 0.0203125 0.053125
40 0.209375 0.7296875 0.41875 0.540625
39 0.709375 0.646875 0.58125 0.375
39 0.71875 0.81640625 0.5625 0.3671875