39 0.4296875 0.3609375 0.11875 0.271875
39 0.4296875 0.115625 0.11875 0.23125
39 0.34609375 0.071875 0.2859375 0.14375
39 0.3375 0.30234375 0.303125 0.3546875
40 0.95390625 0.53046875 0.0921875 0.1328125
40 0.96015625 0.23125 0.0796875 0.10625
40 0.8606619463075657 0.37226818345205503 0.13146329679055846 0.13990805556198094
39 0.42467447187401464 0.8470598190496524 0.09291430921433079 0.07883971126195988
39 0.29470601975738653 0.9207045668640255 0.08479172880480501 0.0749395102381456
39 0.44576440607388823 0.646153773725817 0.07668124634765014 0.05556934941909368
40 0.82109375 0.915625 0.2859375 0.16875
40 0.9546875 0.7921875 0.090625 0.23125
40 0.971875 0.94609375 0.05625 0.1078125