39 0.06484375 0.06640625 0.1296875 0.0859375
39 0.33203125 0.03671875 0.1109375 0.0734375
39 0.4171875 0.04453125 0.084375 0.0703125
39 0.27521085344286256 0.07839450838782507 0.11333830290255768 0.07845577360990719
39 0.17676342975906517 0.0642820731852786 0.09173612141421188 0.08435445909527761
39 0.2609375 0.44140625 0.084375 0.0171875
39 0.38280762095087584 0.37695029410875114 0.0754563569862416 0.06423744872768503
37 0.6453125 0.225 0.371875 0.45
37 0.2296875 0.6 0.459375 0.3
37 0.2296875 0.78125 0.459375 0.4375
38 0.890625 0.6171875 0.21875 0.334375
38 0.6734375 0.6609375 0.428125 0.421875
38 0.6609375 0.50234375 0.403125 0.1046875