39 0.3234375 0.24453125 0.090625 0.0890625
39 0.3265625 0.14765625 0.084375 0.1953125
39 0.27578125 0.05859375 0.1859375 0.1171875
37 0.50703125 0.16015625 0.2765625 0.2578125
39 0.16171875 0.5578125 0.3234375 0.5375
39 0.7959186929309727 0.8948179174777448 0.130926232262828 0.17827035330540184
39 0.9375 0.93515625 0.09375 0.1296875
39 0.8668622486064989 0.8850019132518255 0.10220045496493206 0.16593929668855445
39 0.8250695650793665 0.6746767198686727 0.1011595866740497 0.12547852205615725
39 0.8958011721114818 0.7474667544293627 0.0883591980251019 0.1194772191153362
39 0.7751382186877093 0.7546433577347644 0.08769786397194582 0.13337549374773347