39 0.109375 0.21953125 0.21875 0.4390625
39 0.1515625 0.16640625 0.134375 0.3328125
37 0.7840779179494287 0.2809132260824126 0.14508886181247727 0.17815643515657004
37 0.6127035656976754 0.27469569274261374 0.1262783050572171 0.19993584030732103
37 0.6796875 0.39140625 0.153125 0.0953125
37 0.55078125 0.36953125 0.1421875 0.1390625
37 0.3484375 0.3875 0.1875 0.103125
37 0.4217164227297907 0.33837620015947956 0.12111114126984165 0.1435582945496865
37 0.47265625 0.41015625 0.1328125 0.0578125
37 0.44375 0.05078125 0.128125 0.1015625
37 0.54765625 0.06171875 0.1109375 0.1234375
37 0.7609375 0.034375 0.11875 0.06875
37 0.9203125 0.1765625 0.159375 0.203125
37 0.9828125 0.35546875 0.034375 0.1421875
37 0.9640625 0.02890625 0.071875 0.0578125
37 0.8890625 0.04765625 0.125 0.0953125
37 0.706836692626431 0.1549249398676758 0.14192428901808823 0.1530288893989355
37 0.79921875 0.3953125 0.1234375 0.0875
37 0.5074374699243269 0.14797408289045527 0.12317428901808825 0.15149834030732112
37 0.38646243830749427 0.2127066494008752 0.10412390036914028 0.14528029121570665
37 0.2328125 0.12734375 0.028125 0.1390625
37 0.2671943992894061 0.06152717348764043 0.08569527297895929 0.1002548336393613
39 0.109375 0.55546875 0.21875 0.2328125
39 0.109375 0.7546875 0.21875 0.490625
38 0.5640625 0.765625 0.584375 0.46875
38 0.475 0.51796875 0.5125 0.1578125
38 0.85390625 0.68671875 0.2921875 0.4953125