39 0.05 0.2328125 0.1 0.175
39 0.034375 0.36484375 0.06875 0.1796875
39 0.0546875 0.12578125 0.109375 0.1328125
38 0.478125 0.171875 0.31875 0.315625
38 0.9 0.47421875 0.2 0.1703125
38 0.85546875 0.13828125 0.2890625 0.2765625
38 0.709375 0.30898911730397505 0.4125 0.3072585291176928
38 0.796875 0.42890625 0.34375 0.2609375
38 0.53515625 0.50390625 0.3328125 0.1109375
38 0.48984375 0.4453125 0.2578125 0.228125
38 0.96953125 0.28125 0.0609375 0.24375
39 0.159375 0.7796875 0.31875 0.440625
39 0.659375 0.7796875 0.68125 0.440625