39 0.12109375 0.4140625 0.1796875 0.13125
39 0.18707854527372997 0.3376119089542584 0.18363175469445317 0.22054482026407385
39 0.1825557719605473 0.18862760480722135 0.1695510733609078 0.2177520109332404
39 0.0734375 0.20703125 0.146875 0.2203125
39 0.0484375 0.34296875 0.096875 0.1828125
39 0.22031085797263755 0.10277757917106385 0.1676794906906352 0.19105280989648116
39 0.0890625 0.06640625 0.140625 0.1328125
39 0.2880512466184113 0.26276702530685075 0.1487294960216353 0.17222489745537004
39 0.7554467372692757 0.13999461517481393 0.09175224267981763 0.10480366013203693
39 0.7562467159452753 0.07124461517481392 0.08984429734245403 0.07497945909527762
39 0.38671875 0.66640625 0.2046875 0.3734375
39 0.40234375 0.88515625 0.1734375 0.2296875
39 0.18125 0.85078125 0.3625 0.2984375
37 0.75234375 0.8546875 0.4484375 0.290625