40 0.44765625 0.2765625 0.1234375 0.18125
40 0.403125 0.5 0.2125 0.159375
40 0.1640625 0.4859375 0.2 0.1875
40 0.06328125 0.2109375 0.1265625 0.28125
40 0.2549616042987758 0.250013372344267 0.2205148717519414 0.20200731456303558
40 0.12582530356742722 0.37798564337516616 0.15264553327818292 0.15942366689245624
39 0.8027032236150854 0.30874764247065495 0.19013762499835246 0.2503695714604405
39 0.6640537808392557 0.2949009056996381 0.22037059577735912 0.28317542740790563
39 0.7338326724799948 0.12624940298610454 0.1706512394466933 0.20719942559888338
39 0.76171875 0.04453125 0.1734375 0.0890625
39 0.6152229943146619 0.09571313319840087 0.1592228157455871 0.17850121551297526
39 0.29453125 0.903125 0.3140625 0.19375
39 0.209375 0.7 0.340625 0.240625
36 0.8296875 0.74609375 0.340625 0.3328125
36 0.65546875 0.78984375 0.2921875 0.4203125