40 0.4875 0.2109375 0.0625 0.2375
40 0.47734375 0.0703125 0.0828125 0.140625
40 0.3963270953453778 0.25999868740328813 0.17429986291418337 0.2692596672787225
40 0.0609375 0.359375 0.121875 0.28125
40 0.325 0.0390625 0.16875 0.078125
40 0.21953125 0.3921875 0.1453125 0.215625
40 0.23770950049411016 0.15320603771254895 0.17842592079257358 0.28670225879399175
44 0.21796875 0.8171875 0.4328125 0.365625
44 0.4265625 0.7546875 0.184375 0.490625
44 0.0421875 0.775 0.084375 0.45
44 0.22421875 0.5984375 0.4484375 0.196875
40 0.5875 0.88828125 0.1375 0.2234375
40 0.92421875 0.98828125 0.0984375 0.0234375
40 0.9031209398437096 0.8256394049815732 0.15103042093374802 0.1367342097023773
40 0.7381938898578271 0.8538754595331994 0.10873650512049746 0.1581629284886102