40 0.49139655793937537 0.28872546318218595 0.30044294319798637 0.3631892879384413
40 0.38515625 0.0421875 0.2359375 0.084375
40 0.6181746506449308 0.16749898403186841 0.2613064015948613 0.29178564937949697
40 0.534375 0.0296875 0.25625 0.059375
40 0.68046875 0.35625 0.2171875 0.275
40 0.77109375 0.48828125 0.0359375 0.1234375
40 0.19609375 0.1015625 0.2609375 0.203125
40 0.10703125 0.3765625 0.2140625 0.25625
40 0.03046875 0.33125 0.0609375 0.225
40 0.3485570541396532 0.39074730126627644 0.22693009517409735 0.2236434031404208
40 0.43046875 0.496875 0.2359375 0.10625
40 0.6046875 0.46640625 0.275 0.1671875
40 0.36001665852871556 0.14515365643912598 0.2145028303564585 0.22640469028743926
44 0.125 0.63515625 0.25 0.1703125
44 0.15625 0.7265625 0.3125 0.353125
44 0.17265625 0.86015625 0.3453125 0.2796875
41 0.88828125 0.884375 0.1984375 0.23125
41 0.89453125 0.74375 0.2109375 0.3875