40 0.39375 0.75546875 0.1125 0.328125
40 0.2890625 0.8046875 0.11796875 0.15546875
40 0.746875 0.8921875 0.10546875 0.15234375
40 0.628125 0.89296875 0.11953125 0.1609375
40 0.5203125 0.89765625 0.0828125 0.13828125
40 0.5703125 0.66171875 0.23671875 0.17265625
40 0.784375 0.746875 0.15625 0.15703125
40 0.4171875 0.39765625 0.140625 0.17578125
40 0.32734375 0.53359375 0.15 0.13984375
40 0.56953125 0.434375 0.1265625 0.25234375
40 0.728125 0.4421875 0.09375 0.1625
40 0.8078125 0.5828125 0.19375 0.16875