40 0.628125 0.38671875 0.103125 0.1578125
40 0.60859375 0.56015625 0.1421875 0.1796875
40 0.575 0.0609375 0.209375 0.121875
40 0.034375 0.475 0.06875 0.35
40 0.2401330907629177 0.3618379903647444 0.24601371196999972 0.1849205752619369
40 0.19424226672916736 0.167623814618275 0.1634349492933329 0.23505197921687965
40 0.06796875 0.1984375 0.1359375 0.265625
40 0.28046875 0.0296875 0.2734375 0.059375
40 0.5274067897734267 0.23179448332737893 0.19839641819055523 0.19090849530842302
40 0.37880248590921356 0.1514464296048672 0.21163871196999962 0.1825168411013786
40 0.4437372529212048 0.4334555362935861 0.1669509285581478 0.20423902179152656
40 0.3106233736091218 0.5444098257661398 0.19329881508027746 0.18589321337743775
40 0.37734375 0.6328125 0.2359375 0.034375
40 0.6453125 0.159375 0.06875 0.165625
37 0.89375 0.425 0.2125 0.29375
37 0.69921875 0.09765625 0.0390625 0.1953125
37 0.77265625 0.5265625 0.1859375 0.246875
37 0.78046875 0.2 0.2015625 0.246875
38 0.359375 0.825 0.640625 0.35
37 0.83984375 0.825 0.3203125 0.35