40 0.11953125 0.17578125 0.2390625 0.3515625
40 0.38828125 0.3609375 0.0765625 0.2375
40 0.496875 0.52890625 0.221875 0.0609375
40 0.44765625 0.234375 0.1953125 0.284375
40 0.5984375 0.4828125 0.21875 0.153125
40 0.6914965029285686 0.30548207674639516 0.2105687213682689 0.2780458019964572
40 0.8163558759699926 0.12814074979119425 0.23978137749004844 0.23096311480840354
40 0.825 0.4875 0.215625 0.14375
40 0.89609375 0.3609375 0.2078125 0.253125
37 0.046875 0.88828125 0.09375 0.2234375
37 0.2484375 0.9109375 0.203125 0.178125
37 0.0625 0.753125 0.125 0.253125
39 0.4734375 0.80390625 0.246875 0.3921875
39 0.62109375 0.7796875 0.5421875 0.440625