40 0.42109375 0.321875 0.1171875 0.19375
40 0.18046875 0.53125 0.2109375 0.075
40 0.0484375 0.51328125 0.096875 0.1109375
40 0.2403266500238626 0.13241953093474654 0.1702408693507266 0.13795356826055977
40 0.2259845287237246 0.37594972305635627 0.14467834269572605 0.22234397881213824
40 0.1073078014003606 0.44242532053845984 0.15457950668363551 0.1339185156438411
40 0.10319936736154416 0.15644231790762383 0.1425158586887262 0.1706904735504664
40 0.01640625 0.2125 0.0328125 0.1375
40 0.040625 0.06328125 0.08125 0.1265625
40 0.18851070603913458 0.24182535203790367 0.13717383068109026 0.11416745776545092
40 0.1494231234086329 0.5057744599727638 0.1196954293443632 0.08816639988706054
40 0.2895823100334075 0.20555319404657388 0.11357269867918127 0.09873987884037314
44 0.73984375 0.284375 0.5203125 0.56875
45 0.7046875 0.784375 0.45 0.43125
45 0.60625 0.784375 0.253125 0.43125