40 0.215625 0.2453125 0.1625 0.16875
40 0.34921875 0.1171875 0.2015625 0.234375
40 0.10859375 0.0625 0.1578125 0.125
39 0.58828125 0.16484375 0.2765625 0.3296875
38 0.37734375 0.54140625 0.1453125 0.3921875
38 0.3046875 0.87890625 0.290625 0.2421875
38 0.25234375 0.81875 0.3953125 0.3625
40 0.73828125 0.9078125 0.3578125 0.184375
40 0.7481056192067012 0.6293505971444586 0.33521798670097247 0.39853206334561797
40 0.53984375 0.65078125 0.1796875 0.2765625
40 0.4828125 0.80546875 0.065625 0.3203125