40 0.13203125 0.46640625 0.2640625 0.1515625
40 0.75625 0.79453125 0.38984375 0.1296875
40 0.825 0.93359375 0.35 0.1328125
40 0.659375 0.27109375 0.1390625 0.2984375
40 0.628125 0.590625 0.159375 0.275
40 0.15 0.171875 0.25390625 0.15546875
40 0.34453125 0.38984375 0.23046875 0.13671875
40 0.15859375 0.30703125 0.21015625 0.1328125
40 0.56796875 0.91953125 0.159375 0.16015625
40 0.7984375 0.25546875 0.12734375 0.21328125
40 0.4015625 0.16796875 0.21796875 0.140625
40 0.41640625 0.70859375 0.21796875 0.25390625
40 0.14453125 0.66640625 0.24453125 0.14296875