44 0.54140625 0.209375 0.3828125 0.2
44 0.81796875 0.2015625 0.3484375 0.215625
44 0.9484375 0.16328125 0.103125 0.2921875
40 0.2265625 0.3484375 0.178125 0.078125
40 0.0546875 0.37109375 0.109375 0.1234375
40 0.19258049893610085 0.6302478216091888 0.13599575658579538 0.1388106761762696
40 0.32578125 0.93828125 0.0484375 0.1234375
40 0.28828125 0.7234375 0.1234375 0.184375
40 0.05390625 0.83125 0.1078125 0.259375
40 0.1948901882550472 0.4706523592544154 0.13359756580012636 0.20819293494769225
40 0.04140625 0.64140625 0.0828125 0.1578125
40 0.0125 0.51484375 0.025 0.1546875
40 0.21875 0.90703125 0.15 0.1859375
45 0.41953125 0.71796875 0.1390625 0.5609375
45 0.59453125 0.534375 0.4640625 0.45