40 0.20842790121604465 0.10815937220695977 0.17412720258518863 0.17809938296032665
40 0.1933055558921304 0.4450942919755015 0.12989704152049333 0.20255141935425697
40 0.21886001832596977 0.2684975587247244 0.1616616946765233 0.1400899607105856
41 0.634375 0.2796875 0.25 0.559375
40 0.0234375 0.76875 0.046875 0.121875
40 0.025 0.8875 0.05 0.134375
40 0.19453125 0.91953125 0.1953125 0.1609375
40 0.11218295950527088 0.7468558451186545 0.17074753460041112 0.17170383374611511
40 0.4 0.9578125 0.21875 0.084375
40 0.41667414133021285 0.832776344290085 0.17132585475263545 0.10934938296032684
40 0.27720312304142414 0.7397262034718756 0.18633804250907654 0.20985880521006778
45 0.88203125 0.88671875 0.2359375 0.2265625