40 0.109375 0.46328125 0.21875 0.3328125
40 0.05546875 0.08203125 0.1109375 0.1640625
39 0.49765625 0.2390625 0.2578125 0.325
39 0.09609375 0.8453125 0.1921875 0.165625
39 0.20190177596546413 0.7690966924418743 0.20355280989648109 0.17002547853284736
39 0.090625 0.7078125 0.18125 0.05625
39 0.4171875 0.70546875 0.096875 0.0515625
39 0.65859375 0.7171875 0.1171875 0.075
39 0.7512632462768061 0.7437544663775688 0.11749914976444434 0.07758209897381949
39 0.5931479499054635 0.7419770268823954 0.12130765494824054 0.08546733415618064
39 0.503125 0.71484375 0.103125 0.0703125