40 0.4515625 0.39453125 0.096875 0.0484375
40 0.4546875 0.30078125 0.090625 0.1421875
40 0.41054416718346154 0.2735903132082984 0.09893575262089378 0.13443695499752567
40 0.1546875 0.365625 0.1 0.10625
40 0.4160000300756731 0.12770128109612283 0.1476946252307126 0.09338923111680741
40 0.42088898673864816 0.1850634017429092 0.14204540252860873 0.10243668249628843
40 0.2953010965485408 0.3465918012225108 0.1408228639719457 0.13196040818602892
40 0.07653820944075229 0.2124535758714546 0.08735790252860856 0.09957063206674714
40 0.21171875 0.39765625 0.0984375 0.0421875
36 0.88203125 0.1078125 0.2359375 0.215625
36 0.58515625 0.16015625 0.1703125 0.3203125
36 0.803125 0.19296875 0.39375 0.3234375
36 0.77265625 0.315625 0.4546875 0.20625
39 0.25 0.72421875 0.5 0.5515625
39 0.22734375 0.88515625 0.4546875 0.2296875
37 0.75 0.709375 0.5 0.58125