41 0.559375 0.3609375 0.203125 0.115625
41 0.43125 0.0546875 0.184375 0.109375
41 0.7749955144721785 0.2169383115930565 0.16764560266810485 0.16895708565349699
41 0.084375 0.68359375 0.16875 0.5296875
41 0.19921875 0.709375 0.2203125 0.58125
40 0.8121158926937383 0.8641025247183928 0.2812234237898611 0.13797987328446518
40 0.7232913308442364 0.7252528281888029 0.17858974672063965 0.14014367080279086
40 0.9453125 0.75390625 0.109375 0.1265625
40 0.9203125 0.43984375 0.159375 0.0421875
40 0.91328125 0.56875 0.1734375 0.128125
40 0.7558261126177277 0.4932326498444435 0.28879026232447175 0.13383867650277406
40 0.5097733061952925 0.5112224512211668 0.14520403663473136 0.1269116972858944
40 0.6111045120973293 0.619401301957801 0.23253361827193722 0.15948353268728982
40 0.5060086555840371 0.7984710789451077 0.20672139077317447 0.11253212303236389
40 0.7768966084338562 0.5960462934078261 0.1411716338757693 0.13908391535490913