40 0.11510356655631337 0.3485497664463434 0.1955646322794232 0.11939242337435144
40 0.0875 0.02734375 0.1375 0.0546875
40 0.2597657287856232 0.052291338171019566 0.19835587895165804 0.09949002648462923
40 0.26941650270437717 0.31412766536231596 0.11391905740420186 0.12464726842611089
40 0.2546875 0.42734375 0.134375 0.1234375
40 0.34296875 0.0171875 0.1859375 0.034375
40 0.0625 0.42890625 0.125 0.1109375
40 0.16058778930979417 0.10203635141333418 0.18091866971703396 0.11191211404351815
39 0.3148946678458603 0.6007855011777785 0.17723242970032943 0.17202940782296264
39 0.3949963306995678 0.713882240527362 0.12873310815287323 0.2003307736099071
39 0.42890625 0.50859375 0.1203125 0.0390625
38 0.5671875 0.5890625 0.15625 0.2
38 0.64453125 0.69609375 0.3109375 0.3328125
38 0.7413670661407215 0.8450939928364363 0.3256921522460144 0.2516567021680551
38 0.92265625 0.8296875 0.1546875 0.234375