40 0.30859375 0.73046875 0.06640625 0.11640625
40 0.22109375 0.66796875 0.06171875 0.10078125
40 0.25546875 0.49140625 0.0875 0.07578125
40 0.528125 0.75625 0.121875 0.090625
40 0.66796875 0.72109375 0.10703125 0.1171875
40 0.43046875 0.7671875 0.07109375 0.1203125
40 0.38359375 0.60703125 0.059375 0.0875
40 0.4671875 0.59375 0.06171875 0.1265625
40 0.67578125 0.6375 0.1171875 0.059375
40 0.365625 0.7109375 0.059375 0.1296875
40 0.5203125 0.4234375 0.10078125 0.065625
40 0.81484375 0.590625 0.05078125 0.1328125
40 0.76171875 0.61640625 0.0625 0.1234375
40 0.57890625 0.55078125 0.096875 0.109375
40 0.65234375 0.28984375 0.08203125 0.0609375
40 0.25703125 0.62265625 0.06171875 0.10234375
40 0.321875 0.6046875 0.0609375 0.1078125
40 0.4109375 0.5453125 0.053125 0.078125
40 0.48203125 0.5 0.08046875 0.071875