40 0.03984375 0.07578125 0.0796875 0.1390625
40 0.6 0.3640625 0.08125 0.15625
40 0.75546875 0.53671875 0.1046875 0.1265625
40 0.6364698068870048 0.11376633939367906 0.1136726563212708 0.20287155601527207
40 0.7209544120768073 0.26786404073836034 0.14931017447164335 0.15172722668681732
40 0.7988299480829649 0.3601702667488599 0.1084488251355733 0.11062951201463563
40 0.96015625 0.14453125 0.0796875 0.1390625
40 0.64140625 0.55234375 0.0921875 0.0953125
40 0.96796875 0.475 0.0640625 0.134375
40 0.9234375 0.028125 0.128125 0.05625
40 0.57734375 0.0765625 0.0359375 0.121875
40 0.8899049208574059 0.43856853409449564 0.1116283672900508 0.12004087468172671
40 0.85390625 0.06171875 0.1078125 0.1234375
41 0.39453125 0.8 0.3296875 0.4
41 0.7796875 0.8 0.440625 0.4