40 0.37421875 0.49375 0.2015625 0.13125
40 0.12964769342698218 0.405836314384388 0.17685907737079284 0.250127030005819
40 0.25143986085624065 0.42029781392534604 0.16521204866869202 0.19180434697528098
40 0.39341603910098843 0.26307576104070984 0.20921418094811522 0.29773535364324066
40 0.26932962042394426 0.12284898695394456 0.17864906405973216 0.1696423045516262
40 0.11799824168008217 0.2304536771114844 0.13173204201316163 0.14875597758022474
40 0.34039730573981436 0.3697400913460912 0.1703791676370546 0.21393443849054988
36 0.659375 0.215625 0.2 0.43125
36 0.7796875 0.10546875 0.440625 0.2109375
36 0.834375 0.26484375 0.33125 0.4640625
37 0.296875 0.734375 0.525 0.35
37 0.409375 0.79609375 0.3 0.4078125
40 0.7796875 0.684375 0.440625 0.25
40 0.7796875 0.8390625 0.440625 0.321875