40 0.49296875 0.46875 0.175 0.17578125
40 0.53203125 0.646875 0.2296875 0.1796875
40 0.85 0.73515625 0.09921875 0.1046875
40 0.6859375 0.76015625 0.11171875 0.0953125
40 0.465625 0.78984375 0.11875 0.12109375
40 0.896875 0.5640625 0.12734375 0.20859375
40 0.6953125 0.278125 0.2453125 0.1265625
40 0.6328125 0.4296875 0.1390625 0.16953125
40 0.21640625 0.63828125 0.11640625 0.12578125
40 0.34296875 0.678125 0.10546875 0.1078125
40 0.56484375 0.7859375 0.08203125 0.1015625
40 0.75859375 0.69921875 0.06640625 0.09765625