40 0.33671875 0.246875 0.1859375 0.296875
40 0.3546875 0.08828125 0.15 0.1765625
40 0.19797362435516014 0.2879768814911742 0.24066831555913656 0.2461421631477993
40 0.09442993735404799 0.11881204991727445 0.18545019454068407 0.2092773628234877
40 0.04921875 0.046875 0.0984375 0.09375
40 0.21300490308259387 0.7317110649315127 0.24471877872743378 0.23528648376465028
40 0.12265625 0.87265625 0.2453125 0.2546875
40 0.08828125 0.9765625 0.1671875 0.046875
40 0.13203125 0.50078125 0.2640625 0.1640625
40 0.1066554635212329 0.6375735068965636 0.20759821032569956 0.21434669236879245
40 0.3640625 0.959375 0.13125 0.08125
40 0.25 0.95625 0.15 0.0875
40 0.03203125 0.96171875 0.0640625 0.0765625
46 0.71484375 0.6640625 0.5703125 0.490625