40 0.2563593476073761 0.1059949968750539 0.1236024049810748 0.1967223525320138
40 0.14439593934786074 0.1126783654038448 0.12937518641441503 0.20793286831702956
40 0.29819935675270787 0.2536813389543113 0.10599817617626961 0.12889781570031095
40 0.334375 0.04453125 0.11875 0.0890625
40 0.32991559395502623 0.15843672838861522 0.1204774049810748 0.19654034200867015
40 0.3875 0.21484375 0.025 0.1234375
40 0.22646729900509985 0.2665915916557344 0.10052337720008424 0.13634629465362344
40 0.35 0.3296875 0.1 0.134375
37 0.12578125 0.5578125 0.2515625 0.25625
37 0.10546875 0.80703125 0.2109375 0.3859375
37 0.221875 0.74921875 0.35625 0.5015625
37 0.26875 0.5328125 0.2625 0.20625