40 0.08671875 0.45703125 0.1734375 0.1640625
40 0.04140625 0.31328125 0.0828125 0.1359375
41 0.97578125 0.30234375 0.0484375 0.2328125
41 0.8167892945087332 0.1109955700177224 0.13556657071526246 0.20919190257019657
41 0.871875 0.51875 0.128125 0.040625
41 0.67578125 0.05078125 0.1046875 0.1015625
44 0.13984375 0.69609375 0.2796875 0.3140625
40 0.3984375 0.575 0.2375 0.071875
40 0.6984375 0.56875 0.225 0.059375
40 0.5798616457982799 0.7168257968617793 0.1994832050746652 0.214362642641904
40 0.30234375 0.70859375 0.0453125 0.1953125
40 0.3453125 0.90703125 0.13125 0.1796875
40 0.3734375 0.7859375 0.1875 0.13125
40 0.50625 0.94609375 0.19375 0.1078125
40 0.8444445752908134 0.725294972038026 0.22606550457555094 0.1676471499939563
40 0.921875 0.56171875 0.15625 0.0453125
40 0.3732766809481152 0.6169808124924453 0.16206482612300716 0.12842986065745415
40 0.748614068843079 0.8506000589896437 0.1845034891845109 0.18648633970108291
40 0.70390625 0.94140625 0.1359375 0.1171875
40 0.4463024411392068 0.8605993869395304 0.1383355948418125 0.12284148014341482
40 0.8274215289098968 0.6175247078838141 0.15033617637256427 0.15195183234903045
40 0.9609375 0.91875 0.078125 0.14375