40 0.31953125 0.15234375 0.6390625 0.3046875
37 0.81953125 0.225 0.3609375 0.45
40 0.11833040340527137 0.623459803450712 0.18300696347211085 0.28590776206571744
40 0.4631009813257231 0.8490649163425854 0.31377394805083547 0.17335817676384044
40 0.3271111140380084 0.6716715810407081 0.2103683043815013 0.24313990870767305
40 0.33203125 0.49453125 0.3859375 0.0890625
40 0.58125 0.5140625 0.115625 0.128125
40 0.54140625 0.95703125 0.1953125 0.0859375
40 0.61484375 0.81484375 0.0484375 0.1484375
40 0.18780097239726928 0.8414806279528158 0.188419392044481 0.14868058057737193
40 0.33468170088691385 0.9262499536360463 0.23502165665497748 0.13469249164729752
40 0.3 0.97109375 0.26875 0.0578125
40 0.0671875 0.89296875 0.134375 0.1515625
40 0.777537808031654 0.783181999915182 0.21442851298564342 0.20736609981466544
40 0.92109375 0.89765625 0.1578125 0.2046875
40 0.81953125 0.5890625 0.3609375 0.278125