40 0.28359375 0.82421875 0.2375 0.25234375
40 0.4796875 0.85625 0.1375 0.2875
40 0.63359375 0.7390625 0.17578125 0.35078125
40 0.89765625 0.840625 0.2046875 0.31875
40 0.846875 0.20703125 0.23828125 0.21484375
40 0.140625 0.34765625 0.28046875 0.175
40 0.41640625 0.52734375 0.1890625 0.35546875
40 0.6390625 0.47578125 0.24296875 0.165625
40 0.115625 0.50078125 0.209375 0.125
40 0.11796875 0.09453125 0.2359375 0.1890625
40 0.34765625 0.07421875 0.2203125 0.1484375
40 0.57734375 0.15625 0.2375 0.16484375
40 0.34765625 0.21875 0.221875 0.15625
40 0.846875 0.403125 0.1703125 0.20234375