40 0.51640625 0.275 0.1453125 0.496875
40 0.31561091532853514 0.20794637604435473 0.37950103947951347 0.3287059091247101
40 0.471875 0.3515625 0.234375 0.3125
40 0.34140625 0.4453125 0.3578125 0.228125
40 0.1109375 0.2875 0.221875 0.2875
40 0.13671875 0.48359375 0.2734375 0.1515625
37 0.9065710865171663 0.24838569224224633 0.12217299352159508 0.13121019072219048
37 0.98359375 0.33203125 0.0328125 0.1484375
37 0.8578448874123303 0.15679109984690065 0.10947273442229637 0.12757585475263547
38 0.65390625 0.79140625 0.1296875 0.4171875
38 0.7953125 0.85 0.409375 0.3