40 0.34140625 0.4359375 0.0953125 0.20625
40 0.08984375 0.3609375 0.1796875 0.259375
40 0.33203125 0.18203125 0.1140625 0.3421875
40 0.1578125 0.10390625 0.315625 0.2078125
40 0.13828125 0.19765625 0.2765625 0.3390625
40 0.845142254908736 0.12421875 0.20567168927901208 0.2046875
40 0.5008462233387049 0.11484375 0.1599195735222315 0.1703125
40 0.61015625 0.05625 0.1984375 0.1125
40 0.6075652021508432 0.25703125 0.19283848933548206 0.1453125
40 0.47652657572954443 0.36796875 0.16764106826055974 0.16875
40 0.8985234020943734 0.31640625 0.18849959983059072 0.178125
40 0.7909608020520211 0.3609375 0.13889444198043535 0.13125
40 0.6300555812029778 0.146875 0.13972889988706055 0.11875
40 0.63125 0.4890625 0.159375 0.1
40 0.51953125 0.515625 0.1421875 0.046875
40 0.434375 0.06875 0.090625 0.1375
40 0.6930385125188951 0.4234375 0.1485424577654509 0.1359375
44 0.19453125 0.77265625 0.3890625 0.4546875
41 0.7078125 0.815625 0.584375 0.36875