40 0.20078125 0.46796875 0.2796875 0.1015625
40 0.4271386934279919 0.2330492426898088 0.229902456322451 0.32380351298564347
40 0.203494717762338 0.1391553721556833 0.19962907071526245 0.20003873051823948
40 0.05546875 0.2125 0.1109375 0.240625
40 0.871875 0.3828125 0.171875 0.271875
40 0.8765625 0.109375 0.190625 0.21875
40 0.96640625 0.41484375 0.0671875 0.2078125
40 0.6859375 0.46875 0.071875 0.1
36 0.065625 0.90078125 0.13125 0.1984375
36 0.3265625 0.96015625 0.215625 0.0796875
40 0.81484375 0.53515625 0.1078125 0.0328125