40 0.3328125 0.51484375 0.16875 0.0890625
40 0.14570915387806824 0.4840177272835932 0.13181771857321783 0.1436056440165448
40 0.3008454960647276 0.22028084926004884 0.12894409084927716 0.12483746268299925
40 0.4 0.13515625 0.11875 0.1640625
40 0.14140625 0.065625 0.1328125 0.13125
40 0.30177920139639375 0.37899277792809427 0.12136081981405518 0.19500451201463562
40 0.12883945608797073 0.1980438646165023 0.11630197921687965 0.14498633068109026
40 0.07558840597175517 0.3198557772915474 0.10692697921687966 0.14487724267981755
44 0.9203125 0.21953125 0.159375 0.4390625
44 0.77890625 0.20546875 0.2359375 0.4109375
44 0.58984375 0.2484375 0.2609375 0.496875
44 0.265625 0.7796875 0.3875 0.440625
44 0.0765625 0.76015625 0.153125 0.4015625
40 0.84765625 0.940625 0.3046875 0.11875
40 0.92109375 0.58515625 0.1578125 0.0515625