40 0.15628001683907733 0.27295596463952715 0.2984686772806623 0.22403692927905433
40 0.1109375 0.04609375 0.221875 0.0921875
40 0.2796875 0.15546875 0.178125 0.2015625
40 0.125 0.1109375 0.25 0.190625
40 0.225 0.41484375 0.2875 0.1078125
38 0.63515625 0.3515625 0.3203125 0.234375
38 0.4640625 0.33828125 0.190625 0.2609375
38 0.85859375 0.3375 0.2828125 0.2625
38 0.89296875 0.234375 0.2140625 0.46875
38 0.28359375 0.7640625 0.1703125 0.3125
30 0.1140625 0.68203125 0.228125 0.2609375
38 0.128125 0.890625 0.25625 0.21875
38 0.246875 0.54296875 0.24375 0.1484375
38 0.709375 0.940625 0.43125 0.11875
38 0.826401842892395 0.7586368310555187 0.34623623970819617 0.3134290690638067
30 0.5387585795564753 0.6767510144729114 0.29059227546389116 0.26102750702931343
38 0.54609375 0.8875 0.3296875 0.225
38 0.715625 0.53984375 0.271875 0.1421875