40 0.32734375 0.4171875 0.3984375 0.11875
40 0.50859375 0.7890625 0.31953125 0.10859375
40 0.76875 0.72890625 0.19453125 0.1234375
40 0.6515625 0.153125 0.20546875 0.1984375
40 0.846875 0.13046875 0.16484375 0.2
40 0.23515625 0.1140625 0.1640625 0.228125
40 0.103125 0.2625 0.20625 0.134375
40 0.11875 0.6171875 0.13828125 0.28046875
40 0.32734375 0.653125 0.2234375 0.253125
40 0.7046875 0.42890625 0.29921875 0.13046875
40 0.56953125 0.31328125 0.34765625 0.09765625
40 0.48515625 0.1671875 0.1671875 0.13515625
40 0.40078125 0.88984375 0.24296875 0.1
40 0.23359375 0.8234375 0.18203125 0.09921875
40 0.67578125 0.89609375 0.2984375 0.2078125