40 0.45390625 0.40390625 0.0921875 0.3171875
40 0.3629837298065238 0.4450560291704665 0.12726245764913066 0.12104881908544911
40 0.34609375 0.04296875 0.0921875 0.0859375
40 0.22369955777076758 0.2137691468533009 0.09018061416679295 0.19270565046753826
40 0.15712461524694749 0.376668601771957 0.11475336729005096 0.11941359621281204
40 0.13282457289607805 0.25621065602668314 0.09134313836728988 0.12396474082661779
40 0.48515625 0.53203125 0.0296875 0.2203125
40 0.4189559529737485 0.6274190772768726 0.12878859621281222 0.11480790944452864
40 0.028125 0.69765625 0.05625 0.1234375
40 0.1450917269778536 0.5648862192583997 0.10261698165323559 0.18184087334017535
40 0.44296875 0.203125 0.1140625 0.10625
40 0.3630978801758662 0.29114523399092673 0.10574198165323559 0.18185905405833439
40 0.15625 0.7125 0.1375 0.09375
40 0.27895766686939505 0.6531679901392469 0.07291130093507654 0.17854315651766228
40 0.23865537461672143 0.5974628908031767 0.07286584913967822 0.17073065651766245
40 0.0140625 0.60390625 0.028125 0.1203125
40 0.03671875 0.36328125 0.0734375 0.1328125
40 0.0577160094679698 0.14014477361132163 0.06483518052176755 0.1331852047222643
40 0.0265625 0.2375 0.053125 0.1
40 0.4049228075743758 0.08513158332699677 0.08834540339440444 0.14582156010845856
40 0.8672535941697086 0.5217947494108248 0.24177038524403188 0.19827491529826116
40 0.8262069342342006 0.32545555971567514 0.12265677088084707 0.1350840480082102
40 0.93671875 0.3359375 0.1265625 0.140625
40 0.6935035185431561 0.3059328791939076 0.15560562626704133 0.15871244554888211
40 0.3203125 0.89921875 0.2625 0.2015625
45 0.5890625 0.8796875 0.178125 0.240625
45 0.75859375 0.8796875 0.3203125 0.240625
45 0.90546875 0.8796875 0.1890625 0.240625