40 0.365625 0.20625 0.30625 0.20625
40 0.373752046761644 0.31930814791536755 0.1600413194524762 0.15012836401972632
40 0.025 0.19765625 0.05 0.1515625
40 0.10505043857112772 0.38486261195100224 0.2075485782238987 0.14131698535963508
40 0.22904379382819834 0.49578992659932125 0.15255099781437292 0.13755563868554468
40 0.1084866355686831 0.48392682061586606 0.14756551535721804 0.11876927601845359
40 0.32859235379034785 0.1138217639242762 0.22817115863342466 0.14467834269572594
40 0.45859375 0.203125 0.1203125 0.1375
40 0.50234375 0.31796875 0.0328125 0.1484375
40 0.396875 0.5484375 0.203125 0.121875
40 0.1851172569307904 0.1677745619430481 0.14520361842866175 0.14215223201781732
40 0.23152825290453122 0.2741421932686393 0.20535381945247622 0.15065562269254426
40 0.31015625 0.05859375 0.2328125 0.1171875
40 0.44609375 0.05703125 0.1453125 0.1140625
40 0.478125 0.459375 0.08125 0.121875
40 0.44609375 0.48203125 0.1453125 0.1203125
40 0.07734375 0.0484375 0.1546875 0.096875
40 0.15625 0.58203125 0.171875 0.0546875
40 0.021875 0.521875 0.04375 0.1
40 0.0515625 0.575 0.103125 0.06875
40 0.0703125 0.17265625 0.140625 0.1234375
44 0.659375 0.3140625 0.28125 0.590625
41 0.259375 0.8046875 0.51875 0.390625
44 0.759375 0.75859375 0.48125 0.2984375