40 0.30078125 0.9125 0.1125 0.09609375
40 0.23515625 0.7390625 0.059375 0.17265625
40 0.77734375 0.6625 0.0984375 0.08671875
40 0.72109375 0.75234375 0.04296875 0.11640625
40 0.5828125 0.91328125 0.0640625 0.1734375
40 0.51484375 0.8984375 0.06484375 0.09609375
40 0.46953125 0.74765625 0.05859375 0.19375
40 0.51796875 0.63984375 0.0703125 0.0859375
40 0.35390625 0.56171875 0.1046875 0.0890625
40 0.65546875 0.76796875 0.06015625 0.09453125
40 0.59453125 0.74765625 0.06640625 0.1296875
40 0.778125 0.87265625 0.1015625 0.1671875
40 0.31953125 0.81796875 0.0953125 0.09765625