40 0.1109375 0.13828125 0.221875 0.2765625
40 0.26171875 0.1296875 0.2203125 0.259375
40 0.4515625 0.06953125 0.2375 0.1390625
40 0.11796875 0.04375 0.2265625 0.0875
36 0.78984375 0.33046875 0.4203125 0.2171875
38 0.859375 0.9109375 0.28125 0.178125
38 0.63671875 0.5703125 0.1140625 0.2625
38 0.90234375 0.61171875 0.1953125 0.3234375
38 0.7562288068626976 0.7708752428364363 0.2988999962759463 0.4369694855799069
38 0.67421875 0.6890625 0.1890625 0.365625
38 0.6453125 0.9296875 0.13125 0.140625
38 0.8109375 0.49375 0.2375 0.109375