40 0.42421875 0.04921875 0.1828125 0.0984375
40 0.20990593500556082 0.47253734907072875 0.3015610419522005 0.16773823955076422
40 0.5203125 0.446875 0.1375 0.228125
40 0.35 0.5171875 0.30625 0.103125
40 0.416828582120611 0.2016760691511105 0.16940098933548206 0.14905836189159735
40 0.11641832941918792 0.13533024943131905 0.1503779735504663 0.1439344507974308
40 0.0484375 0.06875 0.096875 0.1375
40 0.04296875 0.34453125 0.0859375 0.1671875
40 0.2713557293768356 0.08725315929121483 0.21462248407381015 0.14855052203583358
40 0.14179151378946414 0.3024807286297566 0.16701944198043533 0.1349594943004167
40 0.2759922085419097 0.31574118199263845 0.1633484104104042 0.12551175911805573
44 0.7921875 0.4578125 0.296875 0.221875
45 0.11875 0.784375 0.2375 0.43125
45 0.19375 0.784375 0.3875 0.43125
45 0.3078125 0.784375 0.46875 0.43125