40 0.4400276407049809 0.5013793775487139 0.08343064441741391 0.11204081411407181
40 0.32734375 0.60859375 0.1140625 0.0828125
40 0.4296875 0.6109375 0.096875 0.078125
40 0.05779640280522926 0.4937186049240081 0.08822722872636941 0.13111859604505724
40 0.01484375 0.4671875 0.0296875 0.103125
40 0.40682425526455734 0.4364863510656103 0.08329428903121965 0.08860331411407199
44 0.15390625 0.85390625 0.3078125 0.2921875
40 0.9140625 0.95 0.165625 0.1
40 0.94375 0.8125 0.1125 0.140625
40 0.71171875 0.9328125 0.1015625 0.134375
40 0.8367253787029284 0.9203964473627689 0.1803965480082102 0.13443997402109958
40 0.6603714360809124 0.8342507697747141 0.11332722267624522 0.15005426634364483
40 0.750601005460949 0.7599449024423336 0.14610336123992687 0.14609873986054148
40 0.615625 0.91953125 0.09375 0.1609375