40 0.3125 0.25 0.375 0.5
40 0.20859375 0.25 0.4171875 0.5
37 0.7890625 0.25 0.421875 0.5
40 0.334375 0.6234375 0.33125 0.246875
40 0.15 0.83984375 0.3 0.3203125
40 0.3953125 0.74140625 0.209375 0.1984375
40 0.0890625 0.52578125 0.178125 0.0515625
40 0.11640625 0.59375 0.2328125 0.1875
37 0.54765625 0.71875 0.0953125 0.25
37 0.7215852141731297 0.6340252090144746 0.20113190564770314 0.20340919236879246
37 0.83515625 0.56171875 0.1796875 0.1234375
37 0.9515625 0.61484375 0.096875 0.1828125
37 0.921875 0.78828125 0.15625 0.1734375
37 0.9953125 0.79765625 0.009375 0.1671875
37 0.8959641223946223 0.9206779549572849 0.1696713054894186 0.14195349512873606
37 0.6609375 0.92890625 0.190625 0.1421875