40 0.34453125 0.03046875 0.1828125 0.0609375
40 0.44212991955914466 0.18143867013980203 0.1473202638537389 0.1544059253146722
40 0.25 0.090625 0.2375 0.18125
40 0.2563765101296852 0.20473076972023918 0.17929800992479733 0.17239890871793265
40 0.11015625 0.05546875 0.1390625 0.1109375
40 0.16328125 0.325 0.1859375 0.06875
45 0.60390625 0.10859375 0.1484375 0.2171875
45 0.69296875 0.253125 0.2453125 0.2125
45 0.60625 0.2328125 0.153125 0.253125
9 0.75625 0.084375 0.3 0.16875
46 0.26796875 0.696875 0.5234375 0.425
46 0.29921875 0.91015625 0.4609375 0.1796875
46 0.403125 0.5453125 0.253125 0.296875
44 0.76484375 0.6796875 0.4703125 0.640625