40 0.2663213142579064 0.19473179519195138 0.33436436562705046 0.17415220542635748
40 0.38671875 0.24765625 0.2546875 0.1046875
40 0.328125 0.06328125 0.215625 0.1265625
40 0.1875 0.08046875 0.171875 0.1609375
40 0.078125 0.175 0.15625 0.14375
39 0.79140625 0.1125 0.2734375 0.225
39 0.6109375 0.11328125 0.103125 0.2265625
39 0.72109375 0.0234375 0.2515625 0.046875
38 0.20292465912471003 0.5119936505260239 0.22290157809807082 0.38362973010335966
38 0.51796875 0.41796875 0.0828125 0.2359375
38 0.48359375 0.62734375 0.1515625 0.4203125
38 0.37973385132977544 0.6220731500645985 0.2059395711779885 0.34981593460686644
38 0.37421875 0.88515625 0.2140625 0.2296875
38 0.4859375 0.8859375 0.146875 0.228125
38 0.38515625 0.36015625 0.2140625 0.1203125
37 0.6578125 0.4796875 0.196875 0.1875
37 0.899945533649009 0.8182064728589875 0.19667336463846716 0.16065330505721712
37 0.8464146739534577 0.6963104888981165 0.1572288626613009 0.1487750663159842
37 0.808543306349241 0.5358130798911029 0.1788491946765233 0.1439268800110746