40 0.16484375 0.1546875 0.3296875 0.109375
39 0.59140625 0.1046875 0.2453125 0.209375
39 0.88046875 0.1046875 0.2390625 0.209375
40 0.44296875 0.39921875 0.0515625 0.1796875
40 0.36953125 0.59765625 0.1984375 0.2671875
40 0.40625 0.91796875 0.125 0.1640625
40 0.4046875 0.76875 0.128125 0.140625
40 0.54609375 0.35859375 0.1546875 0.2984375
40 0.68984375 0.2796875 0.2796875 0.140625
40 0.7710494830344915 0.46522458214154927 0.2857391762490735 0.2870526872826019
40 0.528125 0.61171875 0.11875 0.2453125
40 0.55703125 0.8546875 0.1765625 0.290625
40 0.768308734495094 0.7663565185060672 0.3597234803961105 0.29929733789142504
40 0.96484375 0.65 0.0703125 0.234375
40 0.93359375 0.38125 0.1328125 0.3125