40 0.1546875 0.01953125 0.209375 0.0390625
40 0.04140625 0.48515625 0.0828125 0.1484375
40 0.159375 0.509375 0.190625 0.1
40 0.10546875 0.25546875 0.2109375 0.1671875
40 0.0421875 0.35390625 0.084375 0.1390625
37 0.4375 0.42734375 0.1375 0.1671875
37 0.6171875 0.0640625 0.1875 0.128125
37 0.577599461783389 0.18865854477533173 0.14561347241038014 0.13228795680654776
37 0.5588041169172001 0.3529700282669884 0.1669971494796016 0.12405937697836436
37 0.075 0.96640625 0.15 0.0671875
37 0.126183046699955 0.8107271330827999 0.21226978516439346 0.30406778154634884
37 0.28125 0.8734375 0.165625 0.253125
37 0.2765625 0.63671875 0.184375 0.1546875