40 0.2984375 0.87265625 0.3296875 0.14921875
40 0.53359375 0.77734375 0.1375 0.28515625
40 0.66171875 0.83984375 0.115625 0.1796875
40 0.7140625 0.68359375 0.1703125 0.1421875
40 0.8390625 0.77109375 0.209375 0.10703125
40 0.2046875 0.60703125 0.13671875 0.21484375
40 0.07109375 0.659375 0.11796875 0.2359375
40 0.69296875 0.059375 0.38359375 0.11796875
40 0.9375 0.16875 0.125 0.3375
40 0.54140625 0.2921875 0.16953125 0.23125
40 0.3515625 0.2296875 0.22578125 0.14296875
40 0.3921875 0.0953125 0.25546875 0.13671875
40 0.09921875 0.08828125 0.1984375 0.1765625
40 0.146875 0.2984375 0.1671875 0.26015625
40 0.3921875 0.56640625 0.17734375 0.1828125
40 0.32265625 0.41171875 0.16796875 0.19609375
40 0.5984375 0.50078125 0.19453125 0.15078125
40 0.71796875 0.378125 0.1734375 0.178125
40 0.859375 0.4578125 0.1328125 0.22421875
40 0.30859375 0.73828125 0.15234375 0.175