40 0.49453125 0.24921875 0.2109375 0.2390625
40 0.22265625 0.05703125 0.2171875 0.1140625
40 0.396875 0.31015625 0.290625 0.1171875
40 0.34380973449363134 0.18160136193046483 0.23409682588823202 0.2189609529347772
40 0.2234375 0.30078125 0.18125 0.1359375
40 0.06640625 0.10859375 0.1328125 0.2171875
40 0.17713165674337228 0.15309174759698455 0.16436221463952716 0.15721176212786467
40 0.0984375 0.34453125 0.153125 0.0484375
40 0.01875 0.21015625 0.0375 0.1359375
40 0.1968491513666888 0.08372236395681201 0.12482452564056316 0.10952035330540166
40 0.896875 0.31171875 0.20625 0.1140625
45 0.8 0.684375 0.4 0.63125