40 0.1128805923618863 0.3082480866619031 0.12739229852673156 0.19860102698730664
40 0.478125 0.47421875 0.1625 0.1421875
40 0.4129080895118948 0.2740305318541106 0.10886081981405518 0.20041489926336595
40 0.1543364828231759 0.16732243790274043 0.12952324505632157 0.11789733020561535
40 0.05234375 0.134375 0.1046875 0.140625
40 0.50625 0.57265625 0.10625 0.1140625
40 0.32734375 0.5578125 0.1046875 0.14375
40 0.49056891376542533 0.21726671564635175 0.12361173466476102 0.1890075056999832
40 0.04296875 0.371875 0.0859375 0.215625
40 0.3586519142696284 0.3541989970731338 0.12015895273377594 0.18410148441265975
40 0.5 0.36328125 0.11875 0.1390625
37 0.88046875 0.2078125 0.2390625 0.415625
39 0.26875 0.93359375 0.109375 0.1328125
39 0.3033042245253027 0.8320787065921739 0.09514824505632155 0.11549359604505716
39 0.35234375 0.96484375 0.1046875 0.0703125
39 0.37287903319149296 0.8820347839477976 0.09714778763096846 0.1218528566887187