40 0.07109375 0.04296875 0.1421875 0.0859375
40 0.08984375 0.1484375 0.1796875 0.23125
40 0.17421875 0.053125 0.1828125 0.10625
39 0.54296875 0.225 0.0484375 0.184375
39 0.6078125 0.03984375 0.178125 0.0796875
39 0.8240212069594509 0.31032857121516955 0.16561436562705048 0.159619033611828
39 0.8318257311797386 0.19561215520755848 0.1606085306460784 0.15161553262324468
39 0.811745335932374 0.09306281676654535 0.14354836463846715 0.15404019566510635
39 0.6800841590503479 0.13621595608241083 0.16561436562705048 0.159619033611828
39 0.259375 0.7234375 0.51875 0.553125
40 0.6 0.4828125 0.1625 0.128125
40 0.5421875 0.67421875 0.046875 0.1515625
40 0.55390625 0.77109375 0.0703125 0.1078125
40 0.6829319278334283 0.6693839417479548 0.13360036167271758 0.13959569368794006