40 0.0421875 0.225 0.084375 0.18125
40 0.21716296471195246 0.08537001453088004 0.15621473201781733 0.14750831139265932
40 0.43984375 0.02890625 0.0984375 0.0578125
40 0.346875 0.0546875 0.115625 0.109375
40 0.39135553739654255 0.19925436141079053 0.13439427601845377 0.14989665624622256
40 0.23508790340545122 0.2813840108548538 0.14198860001590835 0.1319677830842359
40 0.3036122787634955 0.4564356827317425 0.1434056493475449 0.11963200845183834
40 0.2970890114178597 0.36638547151835166 0.13388519867918128 0.10614665624622255
40 0.42890625 0.36796875 0.1203125 0.1265625
40 0.43203125 0.465625 0.1140625 0.10625
40 0.23252543006045173 0.19561073622245645 0.10748633068109026 0.11741732499697814
40 0.13012877808717782 0.40348883585183193 0.11697041868236288 0.12777767720259375
40 0.44453125 0.496875 0.0890625 0.04375
45 0.61875 0.16484375 0.259375 0.3296875
45 0.7203125 0.3078125 0.421875 0.421875
41 0.31484375 0.68125 0.3484375 0.325
41 0.08671875 0.6359375 0.1734375 0.234375
40 0.93359375 0.91015625 0.1328125 0.1796875
40 0.953125 0.7046875 0.09375 0.2625
40 0.59609375 0.67734375 0.2140625 0.1890625
40 0.7329799633990879 0.8257394667425395 0.2534897213558171 0.19206528418402166