40 0.13142613710812653 0.2437473007879032 0.22956848202865068 0.24232820907633287
40 0.03203125 0.48046875 0.0640625 0.1984375
40 0.13125 0.45078125 0.20625 0.2578125
40 0.3106597693221117 0.23537019734255024 0.16832344718226047 0.27206410088581656
40 0.61640625 0.2 0.0453125 0.321875
40 0.328125 0.50625 0.1625 0.146875
40 0.2078125 0.5421875 0.140625 0.075
40 0.5078125 0.125 0.134375 0.25
40 0.4481746714063627 0.3793005500400845 0.1720486479078998 0.28956168129534243
44 0.9609375 0.27890625 0.078125 0.5578125
44 0.853125 0.1171875 0.29375 0.234375
44 0.3796875 0.72265625 0.51875 0.2859375
44 0.8609375 0.78984375 0.278125 0.4203125