40 0.25078125 0.8875 0.0640625 0.20390625
40 0.346875 0.83125 0.1078125 0.115625
40 0.1375 0.89140625 0.16640625 0.12578125
40 0.1703125 0.58671875 0.0859375 0.09921875
40 0.240625 0.4421875 0.08359375 0.10234375
40 0.4484375 0.628125 0.0625 0.18203125
40 0.56171875 0.64296875 0.06484375 0.19140625
40 0.0359375 0.68046875 0.071875 0.16953125
40 0.4578125 0.4796875 0.06796875 0.10859375
40 0.33984375 0.70078125 0.075 0.1296875
40 0.39375 0.56484375 0.06015625 0.18125
40 0.3109375 0.490625 0.08046875 0.10078125
40 0.06171875 0.53046875 0.071875 0.1171875
40 0.228125 0.73125 0.096875 0.125
40 0.13671875 0.696875 0.0859375 0.0890625
40 0.5328125 0.48046875 0.0609375 0.1203125
40 0.45078125 0.8109375 0.09453125 0.171875
40 0.3453125 0.21640625 0.0703125 0.1078125
40 0.18984375 0.2828125 0.06640625 0.11953125
40 0.13984375 0.47421875 0.08203125 0.11328125
40 0.14140625 0.3859375 0.0671875 0.0828125
40 0.428125 0.39609375 0.06484375 0.11484375