41 0.809375 0.125 0.38125 0.25
44 0.20078125 0.68984375 0.4015625 0.6203125
40 0.67890625 0.52734375 0.1203125 0.1703125
40 0.76796875 0.9515625 0.2140625 0.096875
40 0.71796875 0.75859375 0.1984375 0.1953125
40 0.92890625 0.84921875 0.1421875 0.1828125
40 0.9056466100058508 0.6812540923209837 0.16450776385373872 0.1501803666156336
40 0.7782792812221344 0.6019087850203405 0.25113877667402046 0.20205588441013056
40 0.8316824553339023 0.40404960517256494 0.21458053846084474 0.15378021049385407
40 0.6625 0.66484375 0.0875 0.1609375
40 0.70078125 0.88671875 0.1640625 0.1921875