40 0.3 0.0875 0.325 0.175
40 0.06015625 0.13515625 0.1203125 0.2703125
40 0.0734375 0.31796875 0.146875 0.2640625
40 0.2578125 0.2828125 0.4 0.334375
40 0.51796875 0.2140625 0.2015625 0.296875
40 0.55234375 0.375 0.1328125 0.15
40 0.5 0.0578125 0.2375 0.115625
36 0.94140625 0.18828125 0.1171875 0.3765625
37 0.3798465978697343 0.6871517084034402 0.3666913873758803 0.2895073660561892
37 0.16875 0.821875 0.3375 0.31875
37 0.4578125 0.86953125 0.321875 0.2609375
37 0.28984375 0.95546875 0.3140625 0.0890625