40 0.1484375 0.2875 0.275 0.103125
40 0.19273818165798176 0.14132843573629827 0.17306053248413758 0.1372124418245299
40 0.02578125 0.0765625 0.0515625 0.121875
40 0.26796875 0.03984375 0.2265625 0.0796875
40 0.4204638775742978 0.13370802800047335 0.20321925843752026 0.10851335697722053
40 0.10390625 0.053125 0.1359375 0.10625
41 0.78984375 0.16953125 0.4203125 0.3390625
44 0.26028280180624935 0.49509039089674756 0.3766617368379741 0.25666329880175026
45 0.9453125 0.47265625 0.109375 0.2671875
45 0.80703125 0.40390625 0.2109375 0.1296875
45 0.88828125 0.62265625 0.2234375 0.2796875
45 0.69453125 0.49609375 0.2296875 0.3015625