40 0.14921875 0.6203125 0.134375 0.26015625
40 0.52578125 0.7953125 0.2953125 0.11171875
40 0.36328125 0.6390625 0.17265625 0.21015625
40 0.334375 0.4171875 0.36953125 0.10859375
40 0.5578125 0.3125 0.31484375 0.0953125
40 0.65625 0.42578125 0.23046875 0.11015625
40 0.1203125 0.2640625 0.240625 0.1375
40 0.24765625 0.10625 0.13203125 0.21171875
40 0.659375 0.15703125 0.17734375 0.1734375
40 0.6375 0.9328125 0.190625 0.134375
40 0.81015625 0.6046875 0.121875 0.1453125
40 0.7484375 0.7296875 0.1859375 0.10859375
40 0.25234375 0.82578125 0.16875 0.1140625
40 0.4109375 0.8890625 0.2203125 0.0890625
40 0.3890625 0.96796875 0.25859375 0.0640625
40 0.13515625 0.8953125 0.1234375 0.125
40 0.5109375 0.175 0.140625 0.14140625
40 0.36953125 0.24375 0.16015625 0.1046875