40 0.10148431517212742 0.2770272091328511 0.2003368755128821 0.21456309793005185
40 0.3315166664647218 0.20903883880648966 0.28697471247102035 0.23826255228901835
40 0.4832542855146322 0.4470152033332811 0.1989998685927999 0.18175059793005205
40 0.625 0.4921875 0.128125 0.134375
40 0.6109375 0.36484375 0.15625 0.1796875
40 0.48198489867022454 0.3050761570675474 0.15780186562705048 0.16460971950581324
39 0.96015625 0.190625 0.0796875 0.240625
39 0.90390625 0.0796875 0.1609375 0.159375
39 0.790625 0.034375 0.13125 0.06875
40 0.12014147327107325 0.8574484149417099 0.10777269072219058 0.12187684523075966
40 0.22145591695901334 0.7366049639067359 0.10790002471457934 0.12500184523075966
40 0.3796875 0.9359375 0.103125 0.128125
40 0.4875 0.95546875 0.109375 0.0890625
40 0.0109375 0.9109375 0.021875 0.178125
40 0.4245225671492937 0.8303586543682551 0.09396485870696818 0.1270612526992924
40 0.2578125 0.96875 0.103125 0.0625
40 0.3426876353243518 0.8962544962750224 0.09989120653952135 0.19604805103961845
40 0.27912915410743205 0.8021008319580123 0.10308519072219058 0.12152164772027056
40 0.0375 0.7734375 0.075 0.134375
40 0.1421875 0.96875 0.125 0.0625
40 0.0609375 0.95 0.10625 0.1
40 0.49735523068544707 0.8507671653659173 0.08809686068413444 0.13596265601864027
40 0.375 0.58359375 0.09375 0.0484375
40 0.2078125 0.59765625 0.09375 0.0765625
40 0.11625908098945822 0.7411722195058134 0.1067195266917457 0.13425844606059645
40 0.13776134927824696 0.6558150599626881 0.08507001977166348 0.09990675684847723
40 0.4148066689361797 0.7418522614218693 0.0910945266917457 0.13307445435896623