40 0.12669712599667982 0.4673760144729114 0.10470608883351815 0.07809507485477489
40 0.034375 0.33359375 0.06875 0.1078125
40 0.02578125 0.43125 0.0515625 0.084375
40 0.189484913630492 0.09797750516728651 0.12345608883351815 0.07896837014004525
40 0.0953125 0.0171875 0.06875 0.034375
40 0.17109375 0.02109375 0.0953125 0.0421875
40 0.225 0.03671875 0.09375 0.0734375
40 0.19550768275194005 0.44721337179267506 0.07980621838316751 0.07849318114108109
41 0.73984375 0.259375 0.5203125 0.51875
41 0.14140625 0.61484375 0.2828125 0.1671875
41 0.38322202652270354 0.7003384875894939 0.16412066162790725 0.10578773531769166
41 0.24509906770026008 0.7936068364322022 0.23204864126984148 0.14478176881613755
41 0.73984375 0.85 0.5203125 0.3
41 0.73984375 0.678125 0.5203125 0.31875