41 0.240625 0.4859375 0.478125 0.065625
41 0.25625 0.4234375 0.446875 0.190625
41 0.32890625 0.09296875 0.3015625 0.1859375
41 0.12890625 0.2671875 0.2578125 0.440625
41 0.36640625 0.2703125 0.2265625 0.25
40 0.88359375 0.1328125 0.2328125 0.265625
40 0.709375 0.05234375 0.459375 0.1046875
40 0.571875 0.4140625 0.184375 0.209375
40 0.58046875 0.28828125 0.2015625 0.1859375
40 0.95 0.3484375 0.1 0.203125
40 0.89375 0.42890625 0.2125 0.1796875
44 0.23984375 0.7890625 0.4796875 0.421875
45 0.73984375 0.759375 0.5203125 0.48125