41 0.32578125 0.4109375 0.3640625 0.315625
41 0.08536327924478684 0.2697539739739895 0.15833640871793264 0.18033848933548197
41 0.090625 0.44375 0.18125 0.25
44 0.59140625 0.27421875 0.0828125 0.3234375
44 0.63828125 0.53203125 0.1765625 0.0734375
44 0.75078125 0.52265625 0.2296875 0.0921875
44 0.8640625 0.43515625 0.253125 0.2671875
44 0.85390625 0.0640625 0.2203125 0.128125
44 0.653125 0.1359375 0.20625 0.25625
44 0.76484375 0.10078125 0.2109375 0.2015625
44 0.62265625 0.2421875 0.1453125 0.26875
44 0.9375 0.41953125 0.125 0.2921875
44 0.24375 0.9171875 0.4875 0.165625
44 0.775 0.83671875 0.45 0.3265625