41 0.259375 0.3 0.51875 0.6
41 0.67421875 0.253125 0.3109375 0.50625
40 0.0796875 0.86796875 0.159375 0.2640625
40 0.16254225401439487 0.9039186247214974 0.1560869185677376 0.14545904535327167
40 0.24609375 0.6703125 0.1484375 0.140625
40 0.3477962384366912 0.7825447060789055 0.14484902991878953 0.14064427601845358
40 0.34375 0.66328125 0.125 0.1265625
40 0.01875 0.83203125 0.0375 0.2171875
40 0.05625 0.96015625 0.1125 0.0796875
40 0.40234375 0.93125 0.1546875 0.1375
40 0.04921875 0.6953125 0.0984375 0.13125
40 0.12742318168143102 0.7565254567154522 0.1590908050572172 0.19233404535327187
40 0.3171875 0.96484375 0.128125 0.0703125
40 0.46328125 0.728125 0.1109375 0.15625
40 0.45859375 0.63203125 0.1140625 0.0640625
40 0.05234375 0.6234375 0.1046875 0.046875
45 0.78671875 0.8 0.4265625 0.4
45 0.90234375 0.8 0.1953125 0.4
45 0.7140625 0.8 0.390625 0.4