41 0.2515625 0.28515625 0.503125 0.2890625
41 0.36953125 0.10234375 0.3609375 0.2046875
41 0.35078125 0.21875 0.3984375 0.421875
45 0.81015625 0.2125 0.3796875 0.365625
45 0.6890625 0.353125 0.278125 0.153125
40 0.3671875 0.4953125 0.253125 0.13125
40 0.17734375 0.51640625 0.2234375 0.1734375
40 0.12187165023591136 0.6648759483356816 0.23049676170486819 0.18184568631233428
40 0.37697587904071633 0.7132379802797608 0.2157778070287037 0.2210498962703781
40 0.52265625 0.615625 0.0546875 0.146875
40 0.18224008043844023 0.8925031182517691 0.23049676170486819 0.1818456863123341
40 0.01484375 0.809375 0.0296875 0.153125
40 0.48671875 0.44609375 0.1265625 0.0328125
40 0.45314091375249727 0.5130468808998164 0.16724575658579557 0.1382840178461393
40 0.35625 0.90546875 0.196875 0.1890625
40 0.47265625 0.9359375 0.1453125 0.128125
40 0.10753917948362468 0.8139413329836976 0.15988627924771331 0.1578861228251612
40 0.034375 0.72578125 0.06875 0.1640625
45 0.78046875 0.71953125 0.4390625 0.5609375
45 0.725 0.79921875 0.35 0.4015625