41 0.028125 0.07890625 0.05625 0.1578125
41 0.0515625 0.2296875 0.103125 0.178125
40 0.67734375 0.30234375 0.1359375 0.1984375
40 0.6484375 0.56796875 0.078125 0.2578125
40 0.6909467379534308 0.6129315259692728 0.14072193361304192 0.13802337720008423
40 0.9109375 0.50078125 0.1125 0.1234375
40 0.9070569900280232 0.6383108443289355 0.12810353444287906 0.13522055556198093
40 0.9625 0.53828125 0.075 0.1359375
40 0.896875 0.9609375 0.109375 0.078125
40 0.8433226862891123 0.8145995577765224 0.12334610207923688 0.1952278143334035
40 0.75234375 0.5046875 0.1265625 0.13125
40 0.68359375 0.97890625 0.0953125 0.0421875
40 0.759375 0.9421875 0.15625 0.115625
40 0.6849531566201182 0.8374543074026132 0.0948659045687478 0.18774959064767102
40 0.7441631358741938 0.8039732547740778 0.09427390871793265 0.17993709064767102
40 0.9609375 0.92109375 0.078125 0.1328125