41 0.2328125 0.25546875 0.29375 0.5109375
41 0.18984375 0.17421875 0.3796875 0.3484375
44 0.8480241209592837 0.34162826871427027 0.24335300074781863 0.3158834924005557
44 0.9140625 0.25 0.171875 0.35
44 0.45390625 0.44609375 0.1484375 0.2640625
44 0.6598385379902215 0.36861226206475645 0.20840623173825074 0.24647887575930572
44 0.5473094096973237 0.4343665082650343 0.20405300805251833 0.21831750816812523
44 0.7652539637925818 0.3981159644777078 0.18104433480969417 0.2692253915268751
44 0.41640625 0.17734375 0.0734375 0.2453125
44 0.47578125 0.11484375 0.1921875 0.2296875
44 0.63671875 0.06015625 0.1796875 0.1203125
44 0.74375 0.02265625 0.15625 0.0453125
41 0.275 0.7875 0.209375 0.396875
40 0.47734375 0.66015625 0.1953125 0.1421875
40 0.678125 0.62890625 0.384375 0.0796875
40 0.82265625 0.7 0.3015625 0.221875
40 0.54296875 0.74609375 0.3265625 0.2546875
40 0.6966067963877347 0.8511149843293397 0.24154091010014742 0.23477896276527802
40 0.5411682912686621 0.8937051406738539 0.21001712354773439 0.1841607137152085