41 0.13359375 0.2796875 0.2671875 0.559375
40 0.94140625 0.49375 0.1171875 0.13125
40 0.71796875 0.53828125 0.2296875 0.0421875
40 0.7970651031607205 0.37419402358328097 0.21783763019944366 0.2147420901960187
40 0.9546875 0.1203125 0.090625 0.178125
40 0.94296875 0.25 0.1140625 0.14375
40 0.8222469332358905 0.10174859390903376 0.19852396713794027 0.15800101687504106
40 0.5446706428861068 0.43156998084752435 0.22996185482510806 0.17778772721932726
40 0.96328125 0.42421875 0.0734375 0.1359375
40 0.6131153772872706 0.28055560707105964 0.19973291430928927 0.18763395317271012
40 0.6376234355236661 0.167720790373504 0.1467735794507723 0.13750497840045348
40 0.41953125 0.12578125 0.0390625 0.1484375
40 0.8988217560311327 0.19630961496042598 0.14575251996659092 0.1265674784004535
40 0.578125 0.509375 0.1625 0.1
40 0.640625 0.06015625 0.15625 0.1203125
40 0.421875 0.271875 0.04375 0.14375
41 0.125 0.7796875 0.25 0.440625
44 0.84140625 0.8140625 0.3171875 0.371875
44 0.8203125 0.6203125 0.359375 0.121875
44 0.5875 0.7125 0.375 0.30625