41 0.28984375 0.21953125 0.5796875 0.4390625
44 0.78984375 0.21953125 0.4203125 0.4390625
44 0.88359375 0.33828125 0.2328125 0.2015625
40 0.16640625 0.89375 0.3328125 0.2125
40 0.0484375 0.89375 0.096875 0.2125
40 0.509375 0.83359375 0.140625 0.2671875
40 0.43515625 0.52265625 0.2890625 0.1671875
40 0.3161965962295379 0.8540326693378102 0.24441154721981437 0.22973217313564334
40 0.24346987012226906 0.6704240503706689 0.2612859803961106 0.2801686827542902
40 0.21328125 0.5109375 0.2828125 0.14375
40 0.10859375 0.73125 0.2171875 0.321875
41 0.8375 0.76328125 0.325 0.4734375