41 0.05703125 0.175 0.1140625 0.35
41 0.1203125 0.175 0.240625 0.35
41 0.23203125 0.175 0.2984375 0.35
41 0.3296875 0.175 0.2 0.35
40 0.98515625 0.05390625 0.0296875 0.1078125
40 0.85859375 0.0625 0.2421875 0.125
40 0.6375 0.25546875 0.190625 0.1890625
40 0.8 0.29375 0.203125 0.1125
40 0.984375 0.14375 0.03125 0.0875
40 0.09921875 0.896875 0.1984375 0.184375
40 0.125 0.6765625 0.25 0.18125
40 0.31484375 0.55859375 0.2296875 0.1546875
40 0.33671875 0.81953125 0.1859375 0.2609375
40 0.67734375 0.75625 0.4890625 0.4875
40 0.87734375 0.56328125 0.2453125 0.3671875