41 0.16640625 0.190625 0.3328125 0.38125
41 0.3359375 0.12734375 0.128125 0.2546875
45 0.7 0.25 0.6 0.5
40 0.7734375 0.57109375 0.2 0.1421875
40 0.43125 0.73515625 0.0625 0.1890625
40 0.91640625 0.89140625 0.1671875 0.1921875
40 0.7453125 0.802538868762843 0.1921875 0.27019972021512223
40 0.95 0.63125 0.1 0.225
40 0.6578125 0.8593917393485896 0.1578125 0.2056492621278644
40 0.61953125 0.57265625 0.1546875 0.1453125
40 0.42734375 0.928125 0.0546875 0.14375
40 0.946875 0.9578125 0.10625 0.084375
40 0.51953125 0.8715819343814214 0.1859375 0.1914178187447117
40 0.8640625 0.7713077408250439 0.1734375 0.21354151580389083