41 0.5484375 0.24296875 0.196875 0.2515625
41 0.746875 0.23515625 0.290625 0.2671875
41 0.225 0.515625 0.45 0.29375
40 0.928125 0.7609375 0.14375 0.1625
40 0.9034571900859051 0.6399362517828033 0.13021585335772629 0.19240079679055846
40 0.7929645854153143 0.6219603362185883 0.1235658640197265 0.1574056359715069
40 0.8268230594366315 0.7758132620209487 0.12592834269572598 0.2263106761762696
40 0.5375 0.4046875 0.146875 0.071875
40 0.94453125 0.47578125 0.1109375 0.2140625
40 0.6957265060868597 0.6675878490162701 0.14867495202099903 0.16926127924771334
40 0.5125 0.6453125 0.125 0.196875
40 0.5171875 0.790625 0.134375 0.175
40 0.5792367980585428 0.4703120339639623 0.1282533640197263 0.15787075658579544
40 0.651096900779722 0.8652078051591573 0.15505222135581712 0.18081894006676497
40 0.759817372772086 0.7981049908257537 0.11773403469127172 0.19272297515245534
40 0.73046875 0.39921875 0.1203125 0.0609375
40 0.8350146307288153 0.4715254604852269 0.12194882001909013 0.15256309576674387