41 0.13515625 0.3140625 0.2703125 0.20625
41 0.0203125 0.28671875 0.040625 0.2265625
45 0.61640625 0.07265625 0.2515625 0.1453125
45 0.7620070542852424 0.23526756281221264 0.2544006148084037 0.2407363824329643
45 0.76484375 0.11015625 0.2671875 0.2203125
45 0.5390625 0.18984375 0.178125 0.3734375
45 0.225 0.49609375 0.45 0.1328125
45 0.225 0.71484375 0.45 0.5703125
45 0.27109375 0.81171875 0.3578125 0.3765625
40 0.59296875 0.83828125 0.2734375 0.3234375
40 0.6856681988357366 0.636139065740781 0.33156879991647764 0.317038897261712
40 0.97421875 0.77578125 0.0515625 0.3703125
40 0.88046875 0.615625 0.2390625 0.371875
40 0.94140625 0.91484375 0.1171875 0.1703125
40 0.65859375 0.490625 0.3328125 0.121875
40 0.54765625 0.94921875 0.1953125 0.1015625
40 0.51953125 0.60078125 0.1390625 0.2390625