41 0.1484375 0.18125 0.296875 0.3625
41 0.209375 0.48203125 0.41875 0.3359375
41 0.815625 0.58671875 0.36875 0.1265625
41 0.81796875 0.4671875 0.3640625 0.146875
41 0.8421875 0.07890625 0.315625 0.1578125
41 0.6199024707233722 0.36015781264254143 0.3343947295526236 0.37985216822512735
41 0.55703125 0.09453125 0.2765625 0.1890625
41 0.90390625 0.234375 0.1921875 0.15625
41 0.08046875 0.81484375 0.1609375 0.3296875
44 0.73515625 0.76953125 0.5296875 0.2390625
44 0.68203125 0.9359375 0.5265625 0.128125