41 0.18828125 0.4390625 0.2234375 0.1625
41 0.0921875 0.17734375 0.184375 0.2015625
40 0.54921875 0.115625 0.2546875 0.23125
40 0.72109375 0.046875 0.2578125 0.09375
40 0.9203125 0.02109375 0.159375 0.0421875
40 0.86328125 0.0953125 0.1828125 0.190625
40 0.5123847442605193 0.30450070029646603 0.21702969028743926 0.22166071032569956
40 0.7945751186336987 0.28260550056469735 0.20944451082055265 0.2290181840173405
45 0.21796875 0.73046875 0.1640625 0.4015625
45 0.15 0.7296875 0.3 0.4
45 0.15 0.715625 0.3 0.371875
44 0.5828125 0.76484375 0.565625 0.4703125
44 0.75546875 0.64609375 0.4890625 0.2328125