41 0.0578125 0.175 0.115625 0.35
41 0.1296875 0.1328125 0.259375 0.265625
41 0.6734375 0.29140625 0.653125 0.1171875
45 0.15546875 0.6 0.2078125 0.5
40 0.89609375 0.834375 0.2078125 0.33125
40 0.32109375 0.775 0.1234375 0.45
40 0.71640625 0.8328125 0.3609375 0.334375
40 0.42693458846673815 0.651712542837396 0.31673120924797793 0.4413939450978475
40 0.95546875 0.66640625 0.0890625 0.2328125
40 0.87421875 0.51640625 0.2515625 0.2578125
40 0.652095790373504 0.594504027354167 0.2924901226801563 0.3284211664125003