44 0.759375 0.46953125 0.11171875 0.29140625
44 0.890625 0.4265625 0.11953125 0.32578125
44 0.95625 0.86484375 0.0875 0.2671875
44 0.8421875 0.86484375 0.1359375 0.2703125
44 0.68671875 0.903125 0.1390625 0.19375
44 0.5328125 0.8421875 0.08671875 0.31484375
44 0.034375 0.87890625 0.06796875 0.2421875
44 0.05078125 0.45 0.1015625 0.3125
44 0.1703125 0.453125 0.11953125 0.30234375
44 0.3421875 0.403125 0.0953125 0.240625
44 0.57890625 0.4203125 0.11328125 0.21484375
44 0.45625 0.4390625 0.1234375 0.18046875
44 0.6671875 0.490625 0.0609375 0.26171875
44 0.1296875 0.871875 0.103125 0.25625
44 0.25859375 0.8296875 0.11796875 0.340625
44 0.40234375 0.8671875 0.09765625 0.265625
44 0.35078125 0.115625 0.10078125 0.21953125
44 0.24140625 0.08828125 0.11640625 0.1765625
44 0.1 0.096875 0.1203125 0.19375
44 0.47734375 0.1 0.11171875 0.2
44 0.65703125 0.0796875 0.11328125 0.159375
44 0.77421875 0.06484375 0.1078125 0.1296875