44 0.2453125 0.303125 0.4875 0.39375
40 0.7482235243128079 0.153323925823344 0.20092400512049763 0.16343905917039336
40 0.53125 0.1859375 0.084375 0.14375
40 0.69453125 0.02109375 0.1671875 0.0421875
40 0.5390625 0.06875 0.1 0.1375
40 0.91953125 0.32421875 0.1609375 0.1796875
40 0.5948654929545383 0.3951340034310693 0.15036256299888784 0.17702095792955602
45 0.2953125 0.915625 0.3875 0.16875
45 0.18728383724110848 0.8082349369712087 0.36510687343752685 0.28384938418022865
40 0.9359375 0.82734375 0.128125 0.3453125
40 0.875 0.6578125 0.1875 0.315625
40 0.7358563870858168 0.6953578785571201 0.21119218913783797 0.36645479852673174
40 0.51484375 0.6890625 0.0515625 0.378125
40 0.60234375 0.69765625 0.2265625 0.3953125