44 0.171875 0.45234375 0.34375 0.0734375
44 0.26171875 0.0734375 0.5234375 0.146875
44 0.1765625 0.253125 0.353125 0.39375
41 0.775 0.24453125 0.45 0.4890625
40 0.5234375 0.58828125 0.053125 0.1765625
40 0.19658983206888836 0.7025236132338202 0.14895056553881963 0.22594666558343138
40 0.065625 0.53359375 0.13125 0.0890625
40 0.34140625 0.546875 0.2546875 0.115625
40 0.26924281601697847 0.8691559598252535 0.13917421561506949 0.14143529788867965
40 0.44073791594072853 0.7818217808491416 0.2052356267092362 0.1613307865245938
40 0.06796875 0.60078125 0.1359375 0.1171875
40 0.09115744966006889 0.702802077112968 0.1417900693385417 0.11961484496658023
40 0.18515625 0.9734375 0.1234375 0.053125
40 0.0203125 0.91484375 0.040625 0.1453125
40 0.3393780505337495 0.6406803579588144 0.19273562670923622 0.16111259821299112
45 0.775 0.93671875 0.45 0.1265625
45 0.775 0.840625 0.45 0.31875
45 0.77421875 0.68125 0.4484375 0.35625
45 0.74453125 0.57890625 0.3890625 0.1796875