44 0.30703125 0.58515625 0.1046875 0.2671875
45 0.5796875 0.48046875 0.440625 0.4765625
45 0.7203125 0.265625 0.559375 0.53125
44 0.19921875 0.859375 0.2703125 0.28125
40 0.48671875 0.75 0.0953125 0.0625
40 0.5046875 0.89296875 0.09375 0.2140625
40 0.57734375 0.790625 0.0984375 0.14375
40 0.4046875 0.76171875 0.090625 0.0859375
40 0.61640625 0.965625 0.1703125 0.06875
40 0.79296875 0.91796875 0.1203125 0.1640625
40 0.8046875 0.76875 0.096875 0.1
40 0.9334965292959667 0.8414536785487327 0.09648986975432586 0.20261701734563572