44 0.5546875 0.73515625 0.12578125 0.30625
44 0.359375 0.74921875 0.11171875 0.24375
44 0.16875 0.665625 0.1171875 0.234375
44 0.10546875 0.8828125 0.12734375 0.2328125
44 0.89453125 0.9 0.125 0.2
44 0.21875 0.4640625 0.13125 0.2296875
44 0.39140625 0.19296875 0.12734375 0.203125
44 0.57890625 0.153125 0.096875 0.26328125
44 0.7 0.19140625 0.11640625 0.253125
44 0.86953125 0.2390625 0.10859375 0.228125
44 0.3078125 0.32578125 0.13203125 0.20625
44 0.12578125 0.36953125 0.08984375 0.20234375
44 0.6984375 0.83203125 0.1515625 0.26796875