44 0.07265625 0.0296875 0.1453125 0.059375
44 0.15 0.1109375 0.25 0.221875
44 0.4 0.57265625 0.159375 0.2546875
44 0.3421875 0.546875 0.271875 0.30625
44 0.16380113647564692 0.5362626000855625 0.21630567106527732 0.2668365512811263
44 0.0296875 0.421875 0.059375 0.253125
44 0.0875 0.45546875 0.175 0.2265625
44 0.45 0.19765625 0.059375 0.2796875
44 0.3671875 0.1828125 0.225 0.365625
44 0.28203125 0.11640625 0.2328125 0.2328125
40 0.90546875 0.51953125 0.1890625 0.1984375
40 0.9765625 0.59765625 0.046875 0.2015625
40 0.6671875 0.11328125 0.23125 0.2265625
40 0.53828125 0.346875 0.1171875 0.21875
40 0.55390625 0.14296875 0.1484375 0.2859375
40 0.7602373475971748 0.3971638285788286 0.17583791300675883 0.1778082845319034
40 0.7890625 0.64140625 0.190625 0.1171875
40 0.96171875 0.21171875 0.0765625 0.1609375
40 0.9125 0.04765625 0.175 0.0953125
40 0.9265625 0.35625 0.146875 0.21875
40 0.53203125 0.51796875 0.1046875 0.2015625
40 0.8521836739399994 0.130096144956548 0.16306451093324056 0.17410108767505647
40 0.7559326819985177 0.22243565632908754 0.15484190782296273 0.16904971463952717
44 0.325 0.85 0.309375 0.3
40 0.91484375 0.87265625 0.1703125 0.2546875
40 0.80859375 0.84921875 0.3765625 0.2984375
40 0.62265625 0.8328125 0.2859375 0.265625