40 0.4484375 0.1609375 0.11875 0.253125
40 0.7272193298911029 0.17539282621572774 0.2846310255998528 0.22501013212077386
40 0.590625 0.2984375 0.3125 0.140625
40 0.8015625 0.2765625 0.325 0.184375
40 0.4390625 0.31484375 0.1 0.1078125
44 0.19453125 0.684375 0.3890625 0.63125
44 0.70546875 0.87734375 0.2484375 0.2453125
44 0.89609375 0.8625 0.2078125 0.26875
44 0.97421875 0.715625 0.0515625 0.2625
44 0.91796875 0.546875 0.1640625 0.2625
44 0.7 0.421875 0.20625 0.10625
44 0.50859375 0.4484375 0.2015625 0.159375
44 0.45078125 0.48828125 0.1234375 0.2390625
44 0.81953125 0.46953125 0.2109375 0.2015625
44 0.96015625 0.45234375 0.0796875 0.1671875
44 0.596875 0.9546875 0.25625 0.090625