44 0.30703125 0.15859375 0.4453125 0.3171875
45 0.740625 0.19453125 0.421875 0.3890625
18 0.9203125 0.3734375 0.103125 0.03125
40 0.15703125 0.41015625 0.2515625 0.0421875
40 0.27218225923770706 0.5519685295101838 0.2259213054894186 0.15069047602842484
40 0.09140625 0.63671875 0.1828125 0.1703125
40 0.23630093204067606 0.655717649252459 0.2669554824490227 0.16688204206179832
40 0.23927648251552974 0.4727823185197644 0.24944973370266404 0.155043783355371
40 0.04140625 0.7734375 0.0828125 0.221875
40 0.11015625 0.91640625 0.2046875 0.1671875
40 0.3342286520197935 0.8666318950685875 0.2621770542357774 0.16351138059640888
40 0.2265625 0.9765625 0.221875 0.046875
40 0.4140625 0.9375 0.20625 0.125
40 0.43046875 0.64140625 0.1984375 0.1546875
40 0.4160446048436451 0.7707671964026399 0.19752352084968247 0.13984150723608915
40 0.4183418568887092 0.4766896477821209 0.15143813103709683 0.1109042797373263