40 0.96484375 0.40703125 0.0703125 0.1734375
40 0.6296875 0.19375 0.08125 0.178125
40 0.634375 0.334375 0.090625 0.209375
40 0.7975248236866276 0.5620626106494544 0.17954953163466153 0.1661910861063028
40 0.9076054778312408 0.4921852845264473 0.14874520060802254 0.17421127329435623
40 0.8160825282118015 0.34388496193900125 0.16105419961943923 0.1706906984191349
40 0.93203125 0.22578125 0.1359375 0.1578125
40 0.8288239728511437 0.07919697733004147 0.16003552768032883 0.1456906984191349
40 0.8604506576418351 0.16250889579928973 0.14696252471457932 0.13046127329435625
40 0.7051238290866539 0.19975170985902185 0.18391869665368965 0.15881618302809467
40 0.6987372248283101 0.10075175831991783 0.13133752471457924 0.12900261688838305
40 0.9546875 0.30703125 0.090625 0.1359375
40 0.971875 0.084375 0.05625 0.146875
40 0.6990753948274351 0.5132208475461898 0.12534219269935692 0.13466915432599363
40 0.65078125 0.61171875 0.1234375 0.1515625
40 0.6546875 0.05703125 0.13125 0.1140625
41 0.240625 0.78359375 0.48125 0.1671875
44 0.6703125 0.85 0.1625 0.3
44 0.75859375 0.83203125 0.3390625 0.2640625
44 0.83203125 0.7734375 0.3359375 0.146875