44 0.28984375 0.26484375 0.5796875 0.5296875
40 0.8921875 0.05625 0.2 0.1125
40 0.640625 0.1859375 0.121875 0.2
40 0.67109375 0.06640625 0.1828125 0.1328125
40 0.6171875 0.37890625 0.075 0.1671875
40 0.8801453407799376 0.33123271636383034 0.15854886228216217 0.15882751038216938
40 0.95703125 0.24140625 0.0859375 0.2203125
40 0.928125 0.4890625 0.14375 0.08125
40 0.7386342369748305 0.27480695306847636 0.21701633374611512 0.1762572050640278
40 0.8140625 0.47421875 0.171875 0.1109375
40 0.67890625 0.47890625 0.1671875 0.1015625
45 0.2203125 0.76484375 0.440625 0.4703125
45 0.78984375 0.76484375 0.4203125 0.4703125