44 0.2 0.2015625 0.3375 0.403125
44 0.0875 0.4296875 0.175 0.146875
40 0.572298429941139 0.28890065584319513 0.29945784404836145 0.3820864959474994
40 0.6796875 0.04296875 0.2375 0.0859375
40 0.47265625 0.17265625 0.2078125 0.3078125
40 0.53203125 0.034375 0.2578125 0.06875
40 0.42890625 0.365625 0.1203125 0.29375
40 0.86796875 0.09921875 0.2609375 0.1984375
40 0.92421875 0.36015625 0.1515625 0.2765625
40 0.7147848272597306 0.38491791046134355 0.22598288669636232 0.2382982482565737
40 0.63046875 0.53671875 0.2359375 0.2046875
40 0.48125 0.509375 0.225 0.259375
40 0.7051483872931381 0.13991776875541762 0.21351924936345307 0.24032963996249962
44 0.184375 0.81953125 0.36875 0.3609375
41 0.71015625 0.94921875 0.5796875 0.1015625
41 0.7546875 0.74296875 0.490625 0.2078125
41 0.725 0.81953125 0.55 0.3609375