44 0.2625 0.1953125 0.353125 0.390625
45 0.7462101239605152 0.2717257164680909 0.4377990004155919 0.36410670611576423
45 0.58671875 0.315625 0.2953125 0.3875
40 0.0515625 0.81640625 0.103125 0.3109375
40 0.10703125 0.55703125 0.2140625 0.0953125
40 0.2296875 0.9359375 0.41875 0.128125
40 0.303125 0.58828125 0.271875 0.1578125
40 0.2158130952584143 0.7258274157469101 0.2627743548251079 0.17605857940652808
45 0.88828125 0.64375 0.2234375 0.21875
45 0.811051450915716 0.8203268706284034 0.34048398044900086 0.24023148860083374
45 0.571875 0.878125 0.265625 0.159375
45 0.52734375 0.9703125 0.1765625 0.059375
45 0.8046875 0.93984375 0.321875 0.1203125
45 0.6612318618972401 0.6555525897588547 0.29560907737079295 0.24386432845659733
45 0.63671875 0.5375 0.2796875 0.05625