44 0.21484375 0.29453125 0.4296875 0.5890625
40 0.3359375 0.628125 0.1875 0.078125
40 0.046875 0.8546875 0.09375 0.203125
40 0.23671875 0.95078125 0.2140625 0.0984375
40 0.08828125 0.94921875 0.1765625 0.1015625
40 0.2443986385599576 0.733641878200524 0.18081894006676508 0.16567531203728042
40 0.175 0.61328125 0.225 0.0484375
40 0.36640625 0.95 0.1265625 0.1
40 0.02578125 0.66640625 0.0515625 0.1515625
40 0.078125 0.75390625 0.15625 0.1421875
41 0.63984375 0.79765625 0.4203125 0.4046875
41 0.47265625 0.878125 0.0859375 0.24375
41 0.81328125 0.684375 0.3734375 0.190625