44 0.128125 0.11953125 0.25625 0.2390625
41 0.709375 0.2796875 0.58125 0.559375
40 0.1390625 0.6046875 0.278125 0.090625
40 0.0328125 0.64921875 0.065625 0.1328125
40 0.2284699377479619 0.7022241566147789 0.22183391819055523 0.1973792645588464
40 0.12145639453416521 0.8744662437610714 0.19544778397749987 0.14377464559048397
40 0.07109375 0.97421875 0.1421875 0.0515625
41 0.89453125 0.7796875 0.2109375 0.440625
41 0.7375 0.7796875 0.24375 0.440625
41 0.584375 0.7796875 0.21875 0.440625
41 0.50390625 0.7796875 0.1703125 0.440625