44 0.140625 0.33984375 0.28125 0.2078125
44 0.07421875 0.0375 0.1484375 0.075
44 0.6453125 0.36328125 0.209375 0.1671875
44 0.64296875 0.23828125 0.2140625 0.1828125
44 0.64765625 0.075 0.2046875 0.15
44 0.103125 0.1875 0.20625 0.221875
44 0.83671875 0.35546875 0.1734375 0.2671875
40 0.5121364989510928 0.6522067801586924 0.2712400730349426 0.2626927337767661
40 0.67109375 0.5953125 0.1578125 0.2125
40 0.6203125 0.94609375 0.215625 0.1078125
40 0.4564039493613669 0.8451347196345214 0.20971057718412744 0.24919147379347056
40 0.3984375 0.52265625 0.21875 0.0671875
40 0.1921875 0.52265625 0.25625 0.0671875
40 0.0890625 0.80859375 0.178125 0.2890625
40 0.6191174369138123 0.8066730586529973 0.22093149710021506 0.2130042645588464
44 0.91953125 0.65625 0.1609375 0.334375