45 0.496875 0.2296875 0.20625 0.459375
45 0.25859375 0.271875 0.3734375 0.375
45 0.359375 0.07421875 0.221875 0.1484375
40 0.825 0.134375 0.35 0.26875
40 0.9421875 0.2296875 0.115625 0.459375
45 0.3 0.7296875 0.6 0.540625
40 0.6625 0.690625 0.125 0.16875
40 0.96875 0.79765625 0.0625 0.2296875
40 0.64609375 0.50625 0.0921875 0.09375
40 0.7906460956591583 0.8927749740445765 0.25465427973732646 0.16281633134415224
40 0.98515625 0.6140625 0.0296875 0.140625
40 0.851356702849819 0.611184068825257 0.20284611827193721 0.1551256577089811
40 0.76484375 0.96171875 0.1890625 0.0765625
40 0.858550647897722 0.7860097635777026 0.19207239258219672 0.1576136208772782