45 0.1875 0.12421875 0.375 0.2484375
45 0.2918147034900807 0.27184763884712365 0.3449182881351714 0.2949034027954477
45 0.06171875 0.3703125 0.1234375 0.26875
45 0.31171875 0.46484375 0.3359375 0.2265625
45 0.6530474984105161 0.2054149597663227 0.17226775595208466 0.20018910088581662
45 0.7798659965689307 0.4327658753305377 0.1347241972858945 0.15146571638103268
45 0.515625 0.36328125 0.071875 0.2359375
45 0.57578125 0.52109375 0.1921875 0.1578125
40 0.321875 0.9421875 0.18125 0.115625
40 0.1437096113034213 0.8015537518117177 0.15333208565349699 0.17348365863342466
40 0.0234375 0.7546875 0.046875 0.140625
40 0.13671875 0.62734375 0.2484375 0.0546875
40 0.3253095365456876 0.6985739272401688 0.2825718354013954 0.11337961624303468
40 0.3171875 0.62890625 0.13125 0.0578125
40 0.29158973642947206 0.8238537627687673 0.15223947921687966 0.15785865863342466
44 0.65625 0.87421875 0.353125 0.2515625