45 0.1796875 0.2671875 0.359375 0.425
40 0.11015625 0.7109375 0.2203125 0.4625
40 0.20082371925839965 0.761919779661446 0.22877145725634707 0.38100560206654466
40 0.5521094841873184 0.7058475625443454 0.22159424063022612 0.22159424063022612
40 0.733464023316734 0.7248707941975812 0.2437783128389331 0.2748465056573407
40 0.9140625 0.496875 0.13125 0.034375
40 0.8882873578220811 0.6148377849260032 0.1257908612399266 0.13666472872636942
40 0.8497117129136879 0.8325747307694729 0.15399767447164336 0.15089085518980241
40 0.44453125 0.534375 0.1703125 0.109375
40 0.55703125 0.56640625 0.2046875 0.1734375
40 0.62890625 0.9734375 0.1546875 0.053125
40 0.7064435019449077 0.9145509177341481 0.13671927088084707 0.13516586123992697
40 0.8765009510098312 0.7374213120533663 0.1225113251355733 0.11008404800821019
40 0.8526175025340829 0.5263520018467117 0.11303633118569749 0.09284200585373252