44 0.81796875 0.13984375 0.3640625 0.2796875
41 0.125 0.653125 0.25 0.484375
41 0.24609375 0.6484375 0.2265625 0.496875
41 0.12421875 0.89921875 0.2484375 0.2015625
40 0.88984375 0.965625 0.2015625 0.06875
40 0.73203125 0.90078125 0.2171875 0.1984375
40 0.7872682685835745 0.8372103894241404 0.17685792462635358 0.2208503254152827
40 0.4421875 0.8296875 0.165625 0.253125
40 0.6179784123252643 0.5578394717792534 0.2005441216855326 0.209952398209672
40 0.7220816875075547 0.49762506015134617 0.2579248271965501 0.34244352559985286
40 0.8611489055231049 0.518200771133258 0.20317172756717455 0.234952398209672
40 0.88828125 0.38671875 0.1921875 0.2140625
40 0.47893691710107655 0.4410396028700623 0.19412989631793 0.20798938001107464