45 0.1875 0.1546875 0.375 0.309375
45 0.0703125 0.24453125 0.140625 0.4890625
40 0.7396543945027606 0.33135162812047414 0.34699226594251653 0.24229861272842398
40 0.4625 0.13046875 0.146875 0.2203125
40 0.878125 0.03984375 0.24375 0.0796875
40 0.63359375 0.08359375 0.2578125 0.1671875
40 0.46875 0.0453125 0.159375 0.090625
40 0.7927373716628392 0.14582950249658122 0.24635045680654813 0.1613799430113902
41 0.24453125 0.7296875 0.2890625 0.48125
41 0.28515625 0.87421875 0.2078125 0.2515625
44 0.5890625 0.68515625 0.378125 0.3921875
44 0.6109375 0.92578125 0.325 0.1484375