45 0.36015625 0.06171875 0.3046875 0.1234375
45 0.33906788680722655 0.19726101955740666 0.2223630672236559 0.3370679389257404
45 0.18776537197847892 0.2545869210652773 0.2368765533834914 0.2729466503300923
45 0.20625 0.06015625 0.25 0.1203125
45 0.54609375 0.12421875 0.2984375 0.2484375
45 0.44765625 0.32109375 0.6234375 0.3578125
45 0.68515625 0.125 0.1484375 0.25
44 0.8796875 0.35703125 0.240625 0.2859375
40 0.1375 0.796875 0.275 0.40625
40 0.43203125 0.9046875 0.3234375 0.190625
40 0.3662511052097459 0.7829428242700915 0.29953837946721473 0.24417639283722153
45 0.89453125 0.75 0.2109375 0.5