45 0.16953125 0.34375 0.3390625 0.6875
41 0.74140625 0.25078125 0.5171875 0.5015625
45 0.16953125 0.84453125 0.3390625 0.3109375
45 0.21640625 0.84453125 0.2453125 0.3109375
40 0.55390625 0.70390625 0.2046875 0.0296875
40 0.7047074594421654 0.7578125 0.14522465471124751 0.1328125
40 0.5817234275111802 0.753125 0.14224176634364483 0.1125
40 0.96484375 0.959375 0.0703125 0.08125
40 0.8883829729358187 0.81484375 0.19867743664223275 0.1375
40 0.80703125 0.9765625 0.1390625 0.046875
40 0.365625 0.90390625 0.053125 0.1296875
40 0.9515625 0.72421875 0.096875 0.0703125
40 0.92265625 0.73671875 0.1546875 0.0953125
40 0.89921875 0.9625 0.1421875 0.075
40 0.6670485583372142 0.90078125 0.16227004307885 0.153125
40 0.4544778664992014 0.79921875 0.14238387797604232 0.0921875
40 0.5436603348203177 0.86796875 0.11814870248167449 0.103125
40 0.5546875 0.97265625 0.128125 0.0546875