45 0.30390625 0.06953125 0.4921875 0.1390625
44 0.775 0.06953125 0.45 0.1390625
40 0.2903325135071155 0.34228911320597855 0.3425192418957307 0.24143983497600674
40 0.18125 0.1765625 0.221875 0.075
40 0.41273261632147806 0.5259155367109616 0.26130006299888786 0.1833083574935408
40 0.420834271681972 0.6273581207641177 0.22260158404557515 0.18705511875230768
40 0.4859375 0.690625 0.128125 0.209375
40 0.04921875 0.5078125 0.0984375 0.29375
40 0.18737921664617901 0.8804888224898473 0.3099951682323249 0.21756224398302032
40 0.053125 0.6890625 0.10625 0.184375
40 0.08984375 0.2078125 0.1796875 0.1375
40 0.6375 0.83046875 0.175 0.3390625
40 0.8375 0.63671875 0.325 0.3484375
40 0.7184043056004903 0.43673192320044124 0.3308830628577134 0.3356509099298643
40 0.61953125 0.5765625 0.1390625 0.3