45 0.1203125 0.61640625 0.184375 0.1859375
45 0.52890625 0.65625 0.1015625 0.10625
45 0.2748379289254371 0.5040510605913662 0.22849561264080354 0.29052863152302777
45 0.23046875 0.66875 0.1890625 0.08125
45 0.5125 0.48984375 0.134375 0.3234375
45 0.44398640269443507 0.3846000746761917 0.25527663392812716 0.29582190940281483
44 0.7516625088789508 0.47579799908191606 0.1536812829393913 0.30927888939893544
44 0.63828125 0.51953125 0.1171875 0.3453125
44 0.62578125 0.11015625 0.0921875 0.2203125
44 0.721875 0.1125 0.171875 0.225
44 0.8828125 0.0734375 0.165625 0.146875
44 0.98046875 0.13125 0.0390625 0.2625
44 0.9239092134543124 0.5231040784692136 0.1421867720436282 0.23376870636839725
44 0.8464504849937373 0.45330150362384397 0.098261809422495 0.2721298336393613
41 0.25 0.8546875 0.5 0.290625
41 0.86171875 0.9328125 0.2765625 0.134375
41 0.7375 0.80390625 0.315625 0.1890625