45 0.22791971629215704 0.34185420740716754 0.21494871960192583 0.23702099425012407
45 0.1453125 0.4375 0.240625 0.084375
45 0.27890625 0.14296875 0.2421875 0.2859375
45 0.35 0.346875 0.1 0.265625
44 0.72734375 0.23984375 0.5453125 0.4796875
40 0.25230532444049014 0.6488054511982497 0.2102312944567008 0.336255719704317
40 0.109375 0.93125 0.1125 0.1375
40 0.0888314834556648 0.7758616430227795 0.1175214478903042 0.11699579454968649
40 0.0703125 0.63203125 0.140625 0.1296875
40 0.2947818846129566 0.9041308089243761 0.11076202564056317 0.10554811151914834
44 0.94765625 0.77578125 0.1046875 0.1734375
44 0.56796875 0.49453125 0.3328125 0.0296875
44 0.59921875 0.55546875 0.3296875 0.1515625
44 0.5919200961521118 0.7107952681677115 0.2611644400324213 0.15985245849442933
44 0.66328125 0.925 0.2390625 0.15
44 0.6538636321317572 0.8116085980140509 0.2088399607105858 0.17270340273485515
44 0.75234375 0.9671875 0.2734375 0.065625
44 0.9015625 0.54921875 0.196875 0.1390625
44 0.95703125 0.64296875 0.0859375 0.1671875