45 0.3046875 0.21953125 0.609375 0.4390625
40 0.7625 0.1796875 0.30625 0.359375
40 0.6671875 0.27734375 0.115625 0.3234375
40 0.9390625 0.134375 0.121875 0.26875
40 0.19375 0.6426768111475589 0.278125 0.31346408402632325
40 0.15390625 0.509375 0.3078125 0.140625
40 0.53984375 0.6515625 0.1390625 0.28125
40 0.365625 0.7477845316132644 0.2546875 0.2550260994173635
40 0.03046875 0.68203125 0.0609375 0.2671875
40 0.18515625 0.97734375 0.2984375 0.0453125
40 0.49375 0.9671875 0.23125 0.065625
40 0.384375 0.5878161693004322 0.225 0.2553796522460143