45 0.2734375 0.17109375 0.53125 0.3421875
40 0.88359375 0.4875 0.1109375 0.14375
40 0.7166742805717163 0.37325958755536526 0.12629188045579803 0.2268473079967011
40 0.64296875 0.446875 0.1140625 0.225
40 0.58203125 0.44375 0.0859375 0.190625
41 0.26953125 0.7796875 0.5390625 0.440625
40 0.9 0.89453125 0.2 0.2109375
40 0.6887906555903068 0.7808337775136 0.2580857085166876 0.2057117570596289
40 0.60546875 0.909375 0.1328125 0.18125
40 0.58359375 0.67265625 0.0890625 0.2140625
40 0.70078125 0.62890625 0.2078125 0.1390625