45 0.23984375 0.19453125 0.4796875 0.3890625
40 0.584375 0.06015625 0.2 0.1203125
40 0.8028572661635195 0.16331158920471794 0.22534989745537004 0.15305811850068451
40 0.971875 0.05625 0.05625 0.1125
40 0.6312953329872233 0.20844692979609097 0.18521291300675885 0.17526808762187224
40 0.53359375 0.2609375 0.1078125 0.128125
40 0.867104276813936 0.07354204704313441 0.15122889227157366 0.1431088054894186
40 0.79140625 0.35546875 0.1515625 0.0671875
40 0.94765625 0.02265625 0.1046875 0.0453125
45 0.35078125 0.7015625 0.2578125 0.321875
45 0.071875 0.53671875 0.14375 0.2953125
45 0.3046875 0.50703125 0.35 0.2359375
45 0.15546875 0.6296875 0.3109375 0.309375
58 0.14375 0.90625 0.26875 0.1875
45 0.73984375 0.69453125 0.5203125 0.6109375