45 0.4875 0.17578125 0.203125 0.3515625
40 0.93984375 0.5046875 0.1203125 0.13125
40 0.8081307044287434 0.5169969906678045 0.2108604472421071 0.13635806006354406
40 0.7037932729716516 0.39056295008272546 0.21738346302712266 0.1411546542193456
40 0.9171875 0.271875 0.165625 0.19375
40 0.690625 0.15703125 0.203125 0.1390625
40 0.8436700311465082 0.09329070941821635 0.17352704721387227 0.16536372158978577
40 0.93828125 0.04453125 0.1234375 0.0890625
40 0.64921875 0.25234375 0.1203125 0.1359375
40 0.60859375 0.36796875 0.0390625 0.1484375
46 0.815625 0.7875 0.36875 0.396875