45 0.2125 0.28203125 0.425 0.4640625
45 0.2234375 0.09921875 0.334375 0.1984375
40 0.953125 0.04453125 0.09375 0.0890625
40 0.659371056018144 0.3756760664887501 0.14747335972519604 0.2922992156150695
40 0.584375 0.07421875 0.109375 0.1484375
40 0.5625 0.28046875 0.065625 0.2953125
40 0.8186313619032741 0.08777928903767389 0.1403929824490227 0.1562889804327085
40 0.97265625 0.3296875 0.0546875 0.1375
40 0.89140625 0.49765625 0.1515625 0.1421875
40 0.9609375 0.17265625 0.078125 0.2046875
40 0.8486836086045688 0.3714827950215976 0.1263304824490227 0.15596167211208342
40 0.7753945242814018 0.25720078305375027 0.11691001834239997 0.15418096656499997
41 0.153125 0.7328125 0.30625 0.328125
41 0.36640625 0.784375 0.3265625 0.43125
41 0.76484375 0.784375 0.4703125 0.43125