45 0.303125 0.125 0.271875 0.25
44 0.76796875 0.0640625 0.2640625 0.128125
40 0.38984375 0.696875 0.0984375 0.15625
40 0.29375 0.97578125 0.153125 0.0484375
40 0.4 0.92109375 0.078125 0.1578125
40 0.20708979873206063 0.8606311634989723 0.10728131275401331 0.17276102076024671
40 0.37737248473485197 0.4348313729670621 0.11673155585660808 0.2043293557412186
40 0.0609375 0.9359375 0.121875 0.128125
40 0.2751626108087054 0.5760068127006694 0.15136550542706678 0.15116986364988402
40 0.18776883141006318 0.6562938319780414 0.11025582654882307 0.11051568874502422
40 0.04609375 0.41640625 0.0921875 0.1390625
40 0.3194193803692665 0.8826733067691703 0.09504026232447202 0.11769151878308044
40 0.01875 0.74296875 0.0375 0.1359375
40 0.08779648688255862 0.7206521037268712 0.1138721494796016 0.12001802273741298
40 0.16484375 0.371875 0.1109375 0.084375
45 0.75703125 0.61484375 0.3421875 0.5703125
45 0.9265625 0.67578125 0.146875 0.5203125