45 0.478125 0.384375 0.228125 0.25
45 0.203125 0.36484375 0.315625 0.2890625
45 0.1984375 0.465625 0.35 0.0875
44 0.86484375 0.37265625 0.2703125 0.2734375
44 0.86484375 0.25546875 0.2703125 0.4203125
44 0.8921875 0.13984375 0.215625 0.2796875
45 0.32890625 0.7546875 0.6578125 0.490625
45 0.4109375 0.7390625 0.6375 0.459375
40 0.78046875 0.9328125 0.1015625 0.134375
40 0.9046875 0.9609375 0.14375 0.078125
40 0.8192838621759378 0.9010738960698854 0.13870143692972228 0.12905072780418295
40 0.77578125 0.59140625 0.0921875 0.1234375
40 0.94921875 0.871875 0.1015625 0.16875
40 0.78203125 0.76796875 0.1046875 0.1109375
40 0.8729699469977085 0.7951800161957542 0.11657186379145834 0.1164556394219007
40 0.95625 0.7140625 0.0875 0.128125