45 0.06640625 0.43359375 0.1328125 0.4796875
45 0.19296875 0.303125 0.3328125 0.56875
44 0.54921875 0.29375 0.3796875 0.4875
44 0.6171875 0.103125 0.515625 0.20625
44 0.584375 0.55390625 0.45 0.2921875
44 0.83046875 0.3109375 0.3390625 0.496875
44 0.86953125 0.5828125 0.2609375 0.234375
44 0.23203125 0.740625 0.2546875 0.08125
44 0.17863615031058355 0.846876419093646 0.26278696828879455 0.1628385994173634
44 0.18359375 0.93828125 0.2109375 0.1234375
40 0.7640625 0.78671875 0.165625 0.1734375
40 0.603125 0.71875 0.178125 0.0375
40 0.4265625 0.8125 0.134375 0.196875
40 0.85546875 0.9546875 0.1765625 0.090625