45 0.1140625 0.21953125 0.228125 0.4390625
41 0.73359375 0.1875 0.4171875 0.375
40 0.09323506677722104 0.7269816020379037 0.15435389227157384 0.14734397881213823
40 0.07578125 0.94765625 0.1515625 0.1046875
40 0.2214592286526841 0.6023140729575343 0.11693180471268505 0.16381884727034207
40 0.0234375 0.753125 0.046875 0.14375
40 0.04140625 0.4953125 0.0828125 0.1125
40 0.5762342030165268 0.626595923211648 0.21240012959490712 0.2066881577089811
40 0.5765625 0.496875 0.26875 0.115625
40 0.9328125 0.5296875 0.134375 0.18125
40 0.8148065618762488 0.8037176782615584 0.27304510367592555 0.17135687343752687
40 0.7218980175311562 0.6568434072854581 0.17394322233759213 0.1935665314288567
40 0.38515625 0.4640625 0.1296875 0.05