45 0.078125 0.2796875 0.15625 0.30625
45 0.125 0.440625 0.25 0.178125
45 0.1717046632612223 0.2147305115774273 0.3219613893760087 0.32803522456432466
45 0.29375 0.4125 0.35 0.234375
45 0.734375 0.26484375 0.53125 0.5296875
40 0.0734375 0.7046875 0.146875 0.1875
40 0.2891210282478143 0.8146556987143645 0.12105518119435103 0.10531254631872748
40 0.32322324061684604 0.7009956131062227 0.13355518119435103 0.10589474317557439
45 0.69921875 0.76484375 0.4609375 0.4703125
45 0.87578125 0.7953125 0.2484375 0.409375
45 0.825 0.9328125 0.35 0.134375