45 0.2796875 0.3296875 0.559375 0.659375
40 0.98046875 0.4140625 0.0390625 0.203125
40 0.640625 0.046875 0.1625 0.09375
40 0.7048949444813575 0.11194147397398942 0.14607156847545255 0.11747446828879457
40 0.60859375 0.16796875 0.0984375 0.1140625
40 0.7139614589793271 0.21337517135727097 0.15246127081949085 0.14430998407381015
40 0.8419293653654469 0.36625870569931235 0.17896321406423077 0.16920356826055957
40 0.6951254141011426 0.4222874397731224 0.16395997532299766 0.12941302616718495
40 0.71015625 0.5703125 0.1671875 0.178125
40 0.9390625 0.19765625 0.121875 0.1234375
40 0.60078125 0.35546875 0.0828125 0.1484375
40 0.60703125 0.2328125 0.0953125 0.10625
40 0.6078125 0.6 0.096875 0.11875
40 0.95390625 0.03671875 0.0921875 0.0734375
40 0.81796875 0.0265625 0.1390625 0.053125
40 0.12578125 0.9515625 0.1546875 0.096875
40 0.44112234114987 0.9160172400413537 0.22782221622369897 0.13001924189573089
40 0.46171875 0.9671875 0.1828125 0.065625
41 0.7796875 0.8296875 0.440625 0.340625