45 0.3328125 0.4359375 0.434375 0.20625
45 0.26484375 0.2671875 0.5296875 0.534375
40 0.7621672838375722 0.4121917889684287 0.25555535440518773 0.24471877872743378
40 0.63671875 0.4140625 0.1734375 0.25
40 0.61328125 0.08671875 0.1265625 0.1734375
40 0.8796875 0.1546875 0.240625 0.2875
40 0.7561822676570132 0.2672132179358587 0.2314656709503275 0.20759821032569964
41 0.23671875 0.93984375 0.4734375 0.1203125
41 0.12890625 0.86328125 0.2578125 0.2734375
40 0.67578125 0.87109375 0.2515625 0.2578125
40 0.7453125 0.71015625 0.328125 0.3421875
40 0.696875 0.9703125 0.25625 0.059375
40 0.828125 0.92578125 0.25625 0.1484375