45 0.1239207300514588 0.21779379363160264 0.17801981648875018 0.21103257909743345
45 0.21875 0.3640625 0.19375 0.15
45 0.17578125 0.0640625 0.2265625 0.128125
45 0.33203125 0.32421875 0.0734375 0.2296875
44 0.7125 0.175 0.575 0.35
44 0.68671875 0.36015625 0.6265625 0.1578125
45 0.25 0.94609375 0.228125 0.1078125
45 0.17070350465274348 0.8103170360455589 0.1490246071419447 0.3053566639447428
45 0.05 0.790625 0.1 0.23125
45 0.09609375 0.96328125 0.1765625 0.0734375
45 0.3265625 0.865625 0.084375 0.26875
45 0.184375 0.59140625 0.36875 0.3046875