45 0.184375 0.10390625 0.36875 0.2078125
40 0.83828125 0.08125 0.1046875 0.1625
40 0.9328125 0.1390625 0.134375 0.109375
40 0.684375 0.04765625 0.11875 0.0953125
40 0.6458390608621621 0.3023697912372646 0.16171031570031094 0.10467606436617345
40 0.7171875 0.5171875 0.121875 0.084375
40 0.81953125 0.52578125 0.1328125 0.0671875
40 0.9188068530261241 0.38342767516539167 0.10388240514873245 0.12708665990702758
40 0.95625 0.26796875 0.0875 0.1203125
40 0.98515625 0.39140625 0.0296875 0.1328125
40 0.56484375 0.50078125 0.1234375 0.1171875
40 0.540353442262784 0.10672987328446534 0.14368835779368574 0.11586493664223267
40 0.867326923988107 0.2841271616717384 0.11453147881213824 0.14961722376899803
40 0.5062466688676094 0.4094888865260172 0.11574536831702939 0.11702324505632156
40 0.4494113818947321 0.26745456981405513 0.13642188936371688 0.12469363342392396
40 0.3875 0.34765625 0.0375 0.1296875
41 0.05234375 0.8375 0.1046875 0.325