45 0.22734375 0.2296875 0.4546875 0.459375
45 0.37734375 0.2296875 0.2046875 0.459375
41 0.621875 0.2453125 0.284375 0.340625
41 0.8421875 0.38984375 0.315625 0.1390625
41 0.7828125 0.06875 0.296875 0.1375
41 0.865625 0.18125 0.26875 0.3625
41 0.08671875 0.6546875 0.1734375 0.390625
41 0.184375 0.628125 0.240625 0.3375
41 0.325 0.6046875 0.25 0.290625
41 0.415625 0.58984375 0.128125 0.2609375
44 0.8921875 0.67890625 0.215625 0.4390625
44 0.7359375 0.50625 0.403125 0.09375
44 0.75390625 0.9015625 0.4921875 0.196875