45 0.05703125 0.225 0.1140625 0.45
45 0.15 0.225 0.3 0.45
40 0.4625 0.04453125 0.08125 0.0890625
40 0.61015625 0.01171875 0.1109375 0.0234375
40 0.8107150996667685 0.21692179606330253 0.08529114474715094 0.1207761083130606
40 0.9331316011145105 0.1607258173369331 0.0983690334984459 0.06617951190385654
40 0.9098439584342742 0.23119285344128668 0.09499147642635145 0.09427724082661779
40 0.8648610982190265 0.27209056421367517 0.08241870181924575 0.0926420179539809
40 0.47135503908001725 0.11183588290634079 0.0817637303552928 0.07857951795398091
40 0.28203125 0.7609375 0.0359375 0.1375
40 0.19547743568919512 0.7417051900879331 0.1637457845319033 0.1618465359079618
45 0.65 0.725 0.7 0.55