46 0.48359375 0.18203125 0.2109375 0.3421875
46 0.3140625 0.0578125 0.253125 0.115625
46 0.32551558729806745 0.24985068366440455 0.2878563062401788 0.3599643471291678
46 0.12109375 0.275 0.2421875 0.3625
46 0.125 0.07578125 0.25 0.1515625
46 0.70234375 0.21796875 0.2265625 0.4359375
46 0.83828125 0.24453125 0.3234375 0.4890625
47 0.38359375 0.828125 0.4109375 0.34375
48 0.9046875 0.76953125 0.190625 0.3609375
48 0.754546185827657 0.7920088206090469 0.2595670808725764 0.3567637524190744
48 0.68203125 0.61796875 0.1859375 0.2171875
48 0.83515625 0.5921875 0.3296875 0.165625