46 0.371875 0.34765625 0.134375 0.4234375
46 0.2 0.34609375 0.4 0.4265625
46 0.8703125 0.23515625 0.259375 0.3421875
46 0.7540391310506942 0.4295202507558596 0.407765991632257 0.21243055872054306
46 0.659375 0.49609375 0.440625 0.1265625
46 0.9078125 0.50625 0.184375 0.10625
46 0.57109375 0.08359375 0.2640625 0.1671875
53 0.5140625 0.36953125 0.15 0.2046875
53 0.6735238726829513 0.22064414274345098 0.3038907191310198 0.2565067280394528
53 0.5046875 0.21328125 0.13125 0.2140625
48 0.18828125 0.7796875 0.3765625 0.440625
47 0.77109375 0.7796875 0.4578125 0.440625