46 0.37265625 0.09296875 0.2921875 0.1859375
46 0.13671875 0.27578125 0.2546875 0.1484375
46 0.059375 0.12421875 0.11875 0.2390625
46 0.31640625 0.3140625 0.1984375 0.071875
46 0.48203125 0.2078125 0.0734375 0.21875
46 0.8640625 0.19453125 0.271875 0.3109375
46 0.68515625 0.30625 0.3328125 0.0875
46 0.7421875 0.11015625 0.4125 0.2203125
46 0.62109375 0.22890625 0.2046875 0.2421875
46 0.259375 0.675 0.51875 0.65
47 0.68046875 0.5859375 0.3234375 0.471875
47 0.86015625 0.7140625 0.2796875 0.571875