46 0.3109375 0.0546875 0.196875 0.109375
46 0.31015625 0.2390625 0.1984375 0.171875
46 0.188412991329351 0.3080802338364805 0.159646985014259 0.14111159849212934
46 0.2322777344021283 0.5258924504246286 0.2025179901980554 0.15261502648462938
46 0.36796875 0.41328125 0.0828125 0.1890625
46 0.73125 0.26484375 0.5375 0.5296875
46 0.32890625 0.8515625 0.1609375 0.296875
46 0.721875 0.88046875 0.346875 0.2390625
46 0.64765625 0.7015625 0.3609375 0.165625
46 0.90859375 0.68984375 0.1828125 0.1421875
46 0.8921875 0.81015625 0.215625 0.3015625