46 0.2484375 0.81640625 0.23359375 0.36328125
46 0.47734375 0.803125 0.23203125 0.32421875
46 0.32734375 0.5390625 0.21171875 0.3046875
46 0.69375 0.75078125 0.22421875 0.37578125
46 0.21015625 0.328125 0.2515625 0.2953125
46 0.43203125 0.30703125 0.18359375 0.2578125
46 0.6140625 0.45625 0.17734375 0.3953125
46 0.5953125 0.125 0.1953125 0.24921875
46 0.77421875 0.28359375 0.16953125 0.271875
46 0.87734375 0.50546875 0.2453125 0.303125
46 0.87265625 0.84609375 0.16953125 0.3
46 0.41796875 0.08671875 0.1515625 0.1734375