46 0.74296875 0.60625 0.2375 0.246875
46 0.15234375 0.4328125 0.3046875 0.196875
46 0.51015625 0.3 0.23359375 0.19375
46 0.771875 0.240625 0.1890625 0.153125
46 0.26796875 0.16015625 0.1578125 0.12734375
46 0.26796875 0.284375 0.26328125 0.134375
46 0.290625 0.6359375 0.21796875 0.12578125
46 0.39765625 0.45625 0.20078125 0.146875
46 0.92421875 0.09296875 0.1515625 0.1859375
46 0.553125 0.0859375 0.1546875 0.125
46 0.253125 0.04921875 0.19921875 0.0984375
46 0.14453125 0.91875 0.28828125 0.16171875
46 0.334375 0.78984375 0.165625 0.1765625
46 0.66171875 0.7859375 0.15078125 0.16875
46 0.50703125 0.72421875 0.1625 0.1703125