46 0.23984375 0.1546875 0.4796875 0.309375
49 0.66875 0.23046875 0.378125 0.1578125
46 0.33671875 0.40546875 0.1734375 0.1921875
46 0.13359375 0.37109375 0.1484375 0.1234375
46 0.05 0.44296875 0.1 0.1796875
46 0.21953125 0.934375 0.2640625 0.13125
46 0.44609375 0.64140625 0.0671875 0.2546875
46 0.4484375 0.90390625 0.0625 0.1921875
46 0.3953125 0.81328125 0.16875 0.2546875
46 0.23125 0.8279160297159549 0.228125 0.2545591806146422
46 0.29765625 0.6778679744154227 0.2015625 0.22895340273485515
46 0.15 0.572846150318959 0.234375 0.2488193636451804
46 0.29765625 0.5411492244154227 0.1609375 0.15219971303635713
46 0.0609375 0.7265625 0.121875 0.2375
46 0.08828125 0.884375 0.1765625 0.23125
46 0.140625 0.7455183757731518 0.1328125 0.1999038893989354
47 0.73984375 0.6640625 0.5203125 0.671875