46 0.1703125 0.39765625 0.340625 0.2046875
46 0.10234375 0.2875 0.2046875 0.3875
46 0.16640625 0.08984375 0.3328125 0.1796875
46 0.26640625 0.203125 0.3265625 0.38125
48 0.628125 0.228125 0.396875 0.425
48 0.21484375 0.75 0.4296875 0.5
46 0.565625 0.66171875 0.271875 0.3234375
46 0.7892386371081266 0.7035636008729451 0.3127827753125615 0.3048604342758804
46 0.940625 0.81171875 0.11875 0.2953125
46 0.60234375 0.84375 0.3453125 0.3125
46 0.71328125 0.953125 0.3984375 0.09375
46 0.8625 0.878125 0.275 0.24375