46 0.19765625 0.0390625 0.3828125 0.078125
46 0.1546875 0.3203125 0.309375 0.34375
46 0.15859375 0.13125 0.3171875 0.2625
46 0.32421875 0.1796875 0.1296875 0.359375
46 0.2734375 0.321875 0.23125 0.384375
49 0.69453125 0.26484375 0.6109375 0.5296875
47 0.19453125 0.76484375 0.3890625 0.4703125
46 0.63125 0.96171875 0.290625 0.0765625
46 0.61328125 0.8640625 0.3046875 0.271875
46 0.5603779722893908 0.6969400609173133 0.26214854000775867 0.2219703392949434
46 0.6640625 0.6265625 0.278125 0.19375
46 0.803125 0.9015625 0.296875 0.196875