46 0.29921875 0.18984375 0.2015625 0.3109375
46 0.18515625 0.275 0.2890625 0.15
41 0.83515625 0.19609375 0.3296875 0.3078125
41 0.7 0.15859375 0.6 0.3171875
40 0.0609375 0.85390625 0.121875 0.2921875
40 0.3234375 0.71015625 0.153125 0.2515625
40 0.15105319354707794 0.5895034405006305 0.23915681513486522 0.3531242720436282
40 0.5305118310555187 0.7043265031020931 0.18224322745980875 0.20119043144645268
40 0.7682300390800172 0.44139408640980166 0.2162885876750565 0.1630784262506726
40 0.92265625 0.44921875 0.1546875 0.1953125
40 0.7553406648016339 0.8835762325710743 0.17820639081820966 0.14795617080279086
40 0.96953125 0.64140625 0.0609375 0.1859375
40 0.743170188789567 0.6389903522492435 0.16309512117350247 0.22477004307885
40 0.8533756346129566 0.5641538792365501 0.16236306699689215 0.14217606436617344
40 0.8877871377133285 0.8515663979259834 0.1545891083532208 0.17589550050420327
40 0.971875 0.784375 0.05625 0.14375
40 0.95625 0.93515625 0.0875 0.1296875
40 0.7944865938758003 0.7710651609154338 0.1427397717116218 0.12211493664223276
40 0.8061517241500399 0.5032274508921907 0.12438787799792798 0.09591306956195353
40 0.6990863566960819 0.8126738706865753 0.11857452564056317 0.10485102698730664