46 0.04375 0.2859375 0.0875 0.33125
46 0.071875 0.4984375 0.14375 0.18125
46 0.20734869607659362 0.3389189188722794 0.3326522297062565 0.26690090992986415
46 0.27890625 0.51171875 0.3234375 0.1546875
46 0.26350374591711406 0.13190625770579745 0.34795849425012404 0.2259149645256561
46 0.0515625 0.04921875 0.103125 0.0984375
49 0.73984375 0.29140625 0.5203125 0.3890625
49 0.95078125 0.4953125 0.0984375 0.084375
49 0.65234375 0.18203125 0.3453125 0.3046875
47 0.28359375 0.796875 0.3921875 0.40625
48 0.73984375 0.79453125 0.5203125 0.4109375