46 0.684398226496838 0.18997140855602712 0.21467060815287303 0.202091662970653
46 0.32578125 0.06796875 0.2796875 0.1359375
46 0.46332548752012326 0.21148790571342974 0.2712741609815241 0.1758623629141832
46 0.5873599844001541 0.3621487873964003 0.23400407071526247 0.20943372611071515
46 0.778125 0.26875 0.08125 0.234375
46 0.78984375 0.07578125 0.0578125 0.1515625
46 0.35703125 0.37890625 0.2984375 0.2796875
46 0.18196295569805315 0.32763363438439363 0.1435249363558598 0.20571792093374786
46 0.13437600395115315 0.15445373961783063 0.19558685482510807 0.18077810509226264
46 0.60625 0.88984375 0.2625 0.2203125
46 0.69296875 0.7359375 0.2515625 0.328125
46 0.4963606281194643 0.7130210426580721 0.22679725582333657 0.28205217875566857
46 0.31640625 0.825 0.2421875 0.35
46 0.328125 0.59140625 0.234375 0.1453125
46 0.15206797608124595 0.6851584370716994 0.2139016809481152 0.29373313140062196
46 0.10078125 0.86875 0.2015625 0.2625
46 0.5046875 0.553125 0.18125 0.06875
46 0.9453125 0.7640625 0.109375 0.471875