46 0.43671875 0.7890625 0.21953125 0.17734375
46 0.2546875 0.4609375 0.18125 0.28359375
46 0.4578125 0.34375 0.21953125 0.47578125
46 0.76640625 0.7421875 0.3328125 0.28359375
46 0.3015625 0.075 0.246875 0.15
46 0.615625 0.2046875 0.24765625 0.2203125
46 0.91796875 0.28671875 0.16328125 0.309375
46 0.78671875 0.34609375 0.14140625 0.2609375
46 0.7171875 0.54140625 0.30546875 0.18984375
46 0.07109375 0.40703125 0.1421875 0.30546875
46 0.08515625 0.74921875 0.16953125 0.43046875
46 0.31015625 0.65703125 0.14296875 0.20234375