46 0.125 0.4328125 0.134375 0.09375
46 0.06475450753935327 0.33314100988735706 0.12548659849212934 0.15630426634364483
46 0.03359375 0.14921875 0.0671875 0.1828125
46 0.18828125 0.24296875 0.1421875 0.2015625
46 0.17421875 0.08046875 0.1515625 0.1609375
46 0.24296875 0.0828125 0.0328125 0.165625
48 0.6484375 0.03671875 0.225 0.0734375
48 0.55625 0.2078125 0.34375 0.415625
48 0.8328125 0.1609375 0.334375 0.321875
47 0.1296875 0.76953125 0.259375 0.4609375
49 0.96796875 0.84453125 0.0640625 0.2234375
49 0.81953125 0.55625 0.3609375 0.153125