46 0.43671875 0.41171875 0.3328125 0.1140625
46 0.2109375 0.34453125 0.196875 0.2484375
46 0.08515625 0.2796875 0.1703125 0.378125
46 0.54140625 0.12109375 0.2953125 0.2421875
53 0.165625 0.1234375 0.190625 0.246875
53 0.38675302791293 0.2807538388090064 0.24696694535249045 0.29151286473976085
53 0.32421875 0.0890625 0.2046875 0.178125
49 0.8484375 0.37109375 0.303125 0.1953125
46 0.39765625 0.48828125 0.1484375 0.0390625
46 0.203125 0.5109375 0.128125 0.084375
46 0.15828363602959877 0.6253817478884289 0.11650676483072289 0.15492684389007838
46 0.09613711827200959 0.8314211477301445 0.1697772105759968 0.1814726235152495
46 0.24296875 0.97421875 0.1734375 0.0515625
46 0.5859375 0.9546875 0.20625 0.090625
46 0.63515625 0.56171875 0.1078125 0.1859375
46 0.63359375 0.74921875 0.1109375 0.2234375
46 0.5132337146812134 0.8591850641984002 0.19494083703942983 0.21032504922121262
46 0.49702797346181216 0.6899349590255508 0.1682692527304745 0.1908021594086268
46 0.3228637656162898 0.6754907111371218 0.20425220452587264 0.19966033386094856
46 0.43131713593140286 0.5684714844940868 0.1459579154946528 0.1151656619159093
46 0.2982626996540988 0.8748087495377816 0.14180674668035032 0.20721676959604132
46 0.40859375 0.953125 0.2015625 0.09375
46 0.397735979708328 0.8339457203083217 0.09325107201231528 0.18549488229073816
46 0.84453125 0.8421875 0.3109375 0.315625