46 0.30546875 0.4953125 0.1921875 0.046875
46 0.0796875 0.47109375 0.159375 0.0953125
46 0.2421875 0.0921875 0.1625 0.184375
46 0.29689872986870414 0.34914980080405816 0.14141006580012636 0.20042120031656907
46 0.18497049887827205 0.2769445287007343 0.16811550805251835 0.218336126022532
46 0.0578125 0.3546875 0.115625 0.2
46 0.06640625 0.18671875 0.1328125 0.1828125
46 0.0453125 0.05625 0.090625 0.109375
48 0.58203125 0.146875 0.2453125 0.29375
49 0.1078125 0.78671875 0.215625 0.4203125
49 0.67265625 0.80390625 0.3859375 0.3921875