46 0.35859375 0.31640625 0.2828125 0.1859375
46 0.23050804676202086 0.18190982237864023 0.2523158888718056 0.18965080865198747
46 0.1484375 0.33984375 0.240625 0.1390625
46 0.16484375 0.07265625 0.2140625 0.1453125
46 0.053125 0.11796875 0.10625 0.2171875
46 0.5734375 0.20234375 0.146875 0.4046875
46 0.6734375 0.07109375 0.346875 0.1421875
46 0.9296875 0.2046875 0.140625 0.409375
46 0.86015625 0.30078125 0.2171875 0.2171875
46 0.64296875 0.31328125 0.1953125 0.1921875
47 0.10234375 0.56015625 0.2046875 0.3015625
47 0.28125 0.62578125 0.4375 0.4328125
47 0.84453125 0.728125 0.3109375 0.54375
47 0.6453125 0.74453125 0.290625 0.3546875
47 0.884375 0.49375 0.23125 0.16875
47 0.68359375 0.546875 0.3671875 0.275