46 0.19609375 0.23984375 0.3921875 0.4796875
46 0.371875 0.278125 0.315625 0.403125
49 0.63203125 0.21328125 0.2046875 0.4265625
49 0.29758364830384193 0.7117091342571034 0.28839528454314767 0.29659004877883327
49 0.1515625 0.9140625 0.303125 0.171875
49 0.17890625 0.63828125 0.3578125 0.3171875
46 0.78828125 0.86328125 0.3859375 0.2734375
46 0.80234375 0.62421875 0.3734375 0.2890625
46 0.57578125 0.58828125 0.0921875 0.2171875
46 0.934375 0.7015625 0.13125 0.328125
46 0.6046875 0.86875 0.15 0.2625
46 0.9359375 0.54375 0.128125 0.128125