46 0.078125 0.15546875 0.15625 0.3109375
46 0.084375 0.43359375 0.16875 0.2109375
48 0.38698420830063496 0.22226808804104356 0.3891152904457238 0.27474874538508853
48 0.3620654616658472 0.40719707137172556 0.3791037929530063 0.2527646573838158
48 0.31875 0.46875 0.3 0.140625
49 0.084375 0.7671875 0.16875 0.45625
46 0.34453125 0.70546875 0.3515625 0.3328125
46 0.40078125 0.578125 0.3953125 0.078125
46 0.69609375 0.62578125 0.3828125 0.1734375
46 0.7897368544479337 0.7896583194223141 0.38451871865896925 0.27781920138445226
46 0.915625 0.63515625 0.16875 0.1921875