46 0.1484375 0.73515625 0.16015625 0.1875
46 0.5390625 0.10859375 0.1296875 0.14296875
46 0.740625 0.153125 0.1140625 0.11328125
46 0.8015625 0.28359375 0.09921875 0.140625
46 0.8875 0.48203125 0.14921875 0.15859375
46 0.76875 0.7375 0.1453125 0.23203125
46 0.4140625 0.73046875 0.19765625 0.21796875
46 0.29453125 0.25 0.12890625 0.2046875
46 0.1953125 0.5140625 0.109375 0.1890625
46 0.31875 0.45390625 0.1328125 0.2046875
46 0.475 0.5484375 0.17109375 0.18515625
46 0.471875 0.37890625 0.1484375 0.16796875
46 0.64375 0.3484375 0.18203125 0.1734375
46 0.5234375 0.25234375 0.134375 0.0953125
46 0.69140625 0.54453125 0.11875 0.18984375
46 0.6 0.71640625 0.171875 0.2390625
46 0.5875 0.5125 0.07109375 0.175