46 0.1611469691508584 0.43036535807929954 0.24170012499835244 0.25862167386477974
46 0.49453125 0.1359375 0.1484375 0.271875
46 0.30859375 0.06484375 0.2140625 0.1296875
46 0.15546875 0.1015625 0.2765625 0.203125
46 0.3771792978853844 0.30291117384155763 0.24243651055001153 0.30080917386477957
46 0.08203125 0.24609375 0.1640625 0.3015625
46 0.04375 0.4234375 0.0875 0.278125
46 0.14140625 0.52109375 0.2484375 0.0953125
46 0.371875 0.478125 0.25625 0.18125
48 0.79765625 0.284375 0.4046875 0.56875
49 0.284375 0.784375 0.56875 0.43125
49 0.715625 0.6296875 0.15625 0.121875
49 0.784375 0.8578125 0.43125 0.284375
49 0.7572098969124497 0.7480371875385122 0.11901482710967279 0.11356743776222693