47 0.19453125 0.16484375 0.3890625 0.3296875
48 0.5421875 0.26796875 0.30625 0.1234375
48 0.6375 0.16484375 0.4125 0.3296875
46 0.078125 0.52109375 0.15625 0.3828125
46 0.19453125 0.75390625 0.3890625 0.4921875
46 0.18203125 0.91953125 0.3640625 0.1609375
46 0.30703125 0.8078125 0.1640625 0.384375
46 0.2578125 0.478125 0.2625 0.296875
48 0.58515625 0.78515625 0.3921875 0.4296875
48 0.62109375 0.9484375 0.4640625 0.103125
48 0.471875 0.6171875 0.165625 0.384375
48 0.54609375 0.45703125 0.3140625 0.2546875