48 0.1578125 0.29765625 0.315625 0.4640625
46 0.71521741851332 0.26487170003936866 0.3409051109788372 0.29168607018940557
46 0.734375 0.1171875 0.53125 0.234375
46 0.96171875 0.1015625 0.0765625 0.203125
46 0.83359375 0.40234375 0.3328125 0.2546875
46 0.58671875 0.4484375 0.3359375 0.1625
46 0.528125 0.29765625 0.21875 0.2203125
49 0.1265625 0.8015625 0.253125 0.396875
46 0.5484375 0.67265625 0.259375 0.2859375
46 0.6890625 0.77265625 0.540625 0.4546875
46 0.7015625 0.93671875 0.565625 0.1265625
46 0.90703125 0.81015625 0.1859375 0.3796875
46 0.825 0.60234375 0.35 0.1453125