48 0.35078125 0.02421875 0.4328125 0.0484375
48 0.12734375 0.09765625 0.2546875 0.1953125
48 0.20859375 0.20625 0.4140625 0.1875
46 0.83984375 0.15 0.3203125 0.3
49 0.17299375141411968 0.4065222274110468 0.18068265494824054 0.09697007909743345
49 0.3695719743173598 0.7288123313441515 0.19282992337435162 0.20035017061270252
49 0.5261739973616191 0.6751138911866116 0.15865041300675883 0.1820467097023773
49 0.1540057629130079 0.7290986001400828 0.2300947689917588 0.2716510857653933
49 0.6045539841193044 0.572722601637895 0.10384675287472192 0.08759533697334128
46 0.95 0.80234375 0.1 0.1828125
46 0.93046875 0.91640625 0.1390625 0.1671875
46 0.8512349115461564 0.7116240577164282 0.16394208869018456 0.2957265724294736
46 0.9125 0.4703125 0.175 0.1625