48 0.225 0.1453125 0.45 0.290625
47 0.725 0.1796875 0.55 0.359375
48 0.20390625 0.76015625 0.4078125 0.4484375
48 0.0421875 0.7953125 0.084375 0.409375
48 0.29453125 0.5578125 0.3109375 0.390625
48 0.41015625 0.70078125 0.0796875 0.3953125
46 0.80234375 0.67734375 0.3953125 0.3171875
46 0.671875 0.4765625 0.396875 0.234375
46 0.4890625 0.50390625 0.078125 0.2890625
46 0.89375 0.86171875 0.2125 0.2765625
46 0.9703125 0.66328125 0.059375 0.2921875
46 0.88125 0.475 0.2375 0.23125
46 0.6241508641534128 0.780366079242095 0.2418368468013618 0.31422293903379794