53 0.34296875 0.66796875 0.2859375 0.0828125
53 0.3563893928861067 0.5677822814064781 0.2792967712143767 0.27079696505796064
53 0.1703125 0.60546875 0.253125 0.2078125
53 0.2822918629362201 0.39029387728828036 0.29673398044900096 0.25848485274512856
53 0.08984375 0.459375 0.1796875 0.2375
53 0.13671875 0.296875 0.2734375 0.25
53 0.24362009172184332 0.14487753369425355 0.26373359276183306 0.23681753993318216
53 0.05546875 0.20859375 0.1109375 0.2765625
49 0.7796875 0.353125 0.440625 0.70625
49 0.325 0.88046875 0.46875 0.2390625
46 0.69140625 0.8734375 0.2640625 0.253125