49 0.1734375 0.31953125 0.346875 0.6390625
51 0.5770433356310894 0.26556178167023525 0.33059898376465036 0.24075199828414034
51 0.490625 0.4265625 0.28125 0.221875
51 0.63359375 0.52265625 0.3953125 0.2328125
51 0.8060916818154856 0.3698330591838353 0.31160352191409724 0.22614392900466812
51 0.86328125 0.22109375 0.2734375 0.2140625
51 0.97109375 0.3234375 0.0578125 0.171875
51 0.6828125 0.609375 0.28125 0.059375
51 0.8921875 0.46796875 0.215625 0.1921875
51 0.37109375 0.4140625 0.0421875 0.184375
49 0.175 0.81953125 0.35 0.3609375
49 0.75 0.81953125 0.5 0.3609375
49 0.521875 0.92421875 0.34375 0.1515625