49 0.1015625 0.04765625 0.203125 0.0953125
49 0.04609375 0.23046875 0.0921875 0.2140625
47 0.91171875 0.23671875 0.1765625 0.3453125
47 0.78046875 0.2046875 0.2609375 0.409375
46 0.03515625 0.66953125 0.0703125 0.2921875
46 0.17575045953319943 0.6194673679134584 0.2863827497101358 0.3680280062041863
46 0.36833683013620355 0.6867866358465872 0.24677811577121211 0.3776872294689813
46 0.11328125 0.9625 0.2265625 0.075
46 0.12957773482791257 0.8425278094993696 0.2589279451585096 0.20298216041123068
46 0.2734375 0.9140625 0.146875 0.171875
47 0.825 0.7046875 0.35 0.590625