49 0.17890625 0.22890625 0.3578125 0.4546875
49 0.20455737816537328 0.42894095623413514 0.11165699568106327 0.09554232499697815
49 0.05 0.1453125 0.1 0.290625
46 0.8296875 0.2546875 0.340625 0.509375
46 0.2790390530546324 0.702164917997419 0.37004689389073525 0.3011774330781919
46 0.35390625 0.88828125 0.3828125 0.2234375
46 0.55546875 0.928125 0.2078125 0.14375
46 0.11484375 0.81484375 0.2296875 0.3453125
46 0.7375 0.73125 0.15625 0.265625
46 0.87109375 0.86640625 0.2578125 0.2453125
46 0.728125 0.90234375 0.1375 0.1953125