49 0.21953125 0.19453125 0.4390625 0.3890625
51 0.8890625 0.1828125 0.221875 0.271875
52 0.04921875 0.91171875 0.0984375 0.1765625
52 0.346875 0.5109375 0.184375 0.24375
52 0.21875 0.41796875 0.2 0.0578125
52 0.1195581110640366 0.8312044874634719 0.18142293427588035 0.3066890239356944
53 0.69375 0.90859375 0.2875 0.1828125
53 0.4796875 0.93125 0.08125 0.115625
53 0.890625 0.9484375 0.21875 0.103125
53 0.909375 0.81328125 0.18125 0.1109375
53 0.7546875 0.50078125 0.278125 0.2234375
53 0.8190502119379917 0.6413736955760063 0.19716915432599363 0.12464024335048621
53 0.55 0.946875 0.128125 0.10625