49 0.3 0.134375 0.5 0.26875
48 0.775 0.25234375 0.45 0.4734375
47 0.275 0.771875 0.55 0.45625
47 0.109375 0.72421875 0.21875 0.4703125
46 0.58046875 0.61640625 0.0609375 0.2546875
46 0.7398263942513413 0.7495795719630483 0.2981803876534254 0.3083389871045313
46 0.63125 0.52734375 0.1625 0.0765625
46 0.7484375 0.540625 0.23125 0.103125
46 0.8622400535349064 0.6254052670544178 0.25698945966092557 0.2626507117301955
46 0.903125 0.5421875 0.19375 0.10625
46 0.88828125 0.83359375 0.2234375 0.3140625
46 0.95078125 0.65234375 0.0984375 0.2015625