49 0.1984375 0.29453125 0.396875 0.5890625
53 0.85703125 0.51015625 0.2484375 0.1578125
53 0.7442651679305398 0.41500105472080406 0.27958854781181836 0.27426564485894733
53 0.628125 0.1859375 0.278125 0.309375
53 0.62265625 0.51484375 0.2671875 0.1484375
53 0.56640625 0.43515625 0.1546875 0.2171875
53 0.51328125 0.25859375 0.0484375 0.1296875
52 0.3 0.671875 0.16875 0.165625
52 0.175 0.6296875 0.15625 0.08125
52 0.43203125 0.7625 0.1140625 0.234375
50 0.88984375 0.846875 0.2203125 0.30625
50 0.74453125 0.79453125 0.5109375 0.4109375