50 0.2265625 0.0765625 0.26875 0.153125
50 0.11875 0.2015625 0.2375 0.403125
52 0.73046875 0.06796875 0.2078125 0.1359375
52 0.6213472190194781 0.18173247074597185 0.21377033016686778 0.20785278685347244
52 0.7752125254419132 0.17893151301468704 0.20859150723608932 0.19836868407993064
52 0.96015625 0.2578125 0.0796875 0.19375
52 0.6305883429456248 0.318069361038576 0.24691037878738661 0.21486650626826406
52 0.48828125 0.23046875 0.0984375 0.2328125
50 0.21953125 0.71953125 0.4390625 0.5609375
53 0.90234375 0.53359375 0.1953125 0.1890625
53 0.7838992079382017 0.6382701454235065 0.2772330438708206 0.3170108877271531
53 0.71875 0.93203125 0.278125 0.1359375
53 0.5109375 0.64453125 0.14375 0.2203125
53 0.9703125 0.721875 0.059375 0.25