50 0.253125 0.1796875 0.50625 0.359375
50 0.365625 0.06796875 0.46875 0.1359375
51 0.9125 0.1734375 0.175 0.346875
53 0.24953173966408376 0.5875 0.272789964525656 0.33125
53 0.15546875 0.8078125 0.3109375 0.315625
53 0.4103715052417873 0.4640625 0.18128717766703611 0.146875
53 0.5125 0.78359375 0.175 0.1859375
53 0.70078125 0.91328125 0.2015625 0.1734375
53 0.6821148997508314 0.49453125 0.13371127081949102 0.1359375
53 0.689311340217794 0.753125 0.16253717766703613 0.146875
53 0.7973753616555939 0.69609375 0.1560053778516064 0.215625