50 0.13671875 0.0953125 0.2734375 0.190625
50 0.228125 0.153125 0.4375 0.30625
50 0.27578125 0.2609375 0.4671875 0.296875
51 0.61875 0.1171875 0.21875 0.234375
50 0.05390625 0.7703125 0.1078125 0.26875
50 0.15390625 0.88671875 0.2265625 0.2265625
50 0.28203125 0.86484375 0.2359375 0.2703125
50 0.1424955992569929 0.610719178956457 0.18925520678164426 0.17820438947037937
50 0.39765625 0.5703125 0.2234375 0.321875
53 0.8282254299027361 0.6352206711519088 0.3354196931327933 0.4360218678708329
53 0.9359375 0.8453125 0.128125 0.309375