50 0.24609375 0.12421875 0.3921875 0.2484375
50 0.16953125 0.19765625 0.3390625 0.2640625
50 0.14453125 0.2765625 0.2890625 0.10625
50 0.39140625 0.29609375 0.3140625 0.0671875
53 0.52109375 0.90703125 0.3953125 0.1859375
53 0.303125 0.89609375 0.39375 0.2078125
53 0.17890625 0.5046875 0.2890625 0.35
53 0.12421875 0.86328125 0.2484375 0.2734375
53 0.43523557950037056 0.4663249544115433 0.34202884099925884 0.2389019718303489
53 0.58203125 0.609375 0.2734375 0.415625
53 0.3284320475491211 0.7337837792569128 0.28103113534435115 0.37509482122152554
53 0.24899740871791726 0.634453716829379 0.2736287384546289 0.3791445924333531