50 0.14453125 0.2109375 0.2890625 0.315625
30 0.37421875 0.34453125 0.1703125 0.0484375
30 0.7227874558314238 0.12874456138876383 0.1786744331300003 0.23915757909743346
30 0.9671875 0.31484375 0.065625 0.1078125
51 0.078125 0.63671875 0.15625 0.2453125
51 0.21328125 0.8046875 0.1515625 0.246875
51 0.08828125 0.8328125 0.1765625 0.225
52 0.5734375 0.48203125 0.234375 0.2265625
52 0.921875 0.44140625 0.15625 0.1453125
52 0.5863700979269797 0.809740372439172 0.2103244766329862 0.25889599425012405
52 0.7558617142838895 0.6543667015366055 0.2732959488975695 0.2172503703131401