50 0.12890625 0.2078125 0.2578125 0.415625
53 0.578125 0.3203125 0.196875 0.2375
53 0.8063275015894839 0.1979865338479312 0.15537518689433433 0.2191279735504664
53 0.9015625 0.08125 0.196875 0.1625
53 0.5109375 0.13828125 0.0625 0.1890625
53 0.63203125 0.08984375 0.1453125 0.1796875
53 0.26640625 0.9203125 0.3421875 0.159375
53 0.20703125 0.55078125 0.4140625 0.2234375
53 0.3571141054282112 0.6620978676111577 0.24090849530842284 0.19609926820408993
53 0.37265625 0.79921875 0.2140625 0.2078125
53 0.08671875 0.803125 0.1734375 0.228125