50 0.2890625 0.0484375 0.390625 0.096875
50 0.39609375 0.1234375 0.3796875 0.246875
50 0.46328125 0.24140625 0.3921875 0.3359375
50 0.16562591147102373 0.25221900498009686 0.3135360780361765 0.2964080622807401
50 0.315625 0.33671875 0.53125 0.1453125
53 0.83046875 0.05390625 0.2703125 0.1078125
53 0.87890625 0.103125 0.2421875 0.19375
53 0.93359375 0.22890625 0.1328125 0.2671875
53 0.7617580367017365 0.26007663144438115 0.1639389913621266 0.1749893656270503
53 0.77109375 0.390625 0.1609375 0.0375
53 0.88828125 0.340625 0.1890625 0.1375
50 0.3875 0.93203125 0.55625 0.1359375
50 0.16484375 0.9171875 0.3296875 0.165625
50 0.50546875 0.85390625 0.3265625 0.2921875
53 0.96796875 0.8578125 0.0640625 0.284375
53 0.75390625 0.7671875 0.1703125 0.36875
53 0.8335017173034333 0.5295322159682426 0.22325343460686647 0.20078254448624283
53 0.953125 0.56171875 0.09375 0.2296875