50 0.27724115164588864 0.21196908339873008 0.3585771319243822 0.41036581630997127
52 0.7184302747896719 0.1713427687381115 0.3370919756031113 0.20821228292387647
52 0.7204104104264873 0.23391096489804547 0.4986203489432867 0.3144575859060126
52 0.96640625 0.2125 0.0671875 0.25
52 0.84140625 0.3125 0.3171875 0.29375
52 0.665625 0.346875 0.4 0.225
50 0.1921875 0.6671875 0.384375 0.415625
50 0.24140625 0.7640625 0.4359375 0.471875
51 0.603125 0.6109375 0.2875 0.303125
51 0.79296875 0.55546875 0.3578125 0.1921875
51 0.9640625 0.6453125 0.071875 0.371875
51 0.84453125 0.7890625 0.3109375 0.421875
51 0.6296875 0.84453125 0.340625 0.3109375