50 0.165625 0.184375 0.0875 0.36875
53 0.41015625 0.084375 0.2546875 0.16875
53 0.4067571193331544 0.23380265554442667 0.2386817466803503 0.21973261783658363
53 0.5959877909761273 0.24948836766135676 0.20407948770335976 0.1782663836760255
53 0.4359375 0.3375 0.165625 0.0625
53 0.09921875 0.56484375 0.1984375 0.2078125
53 0.0875 0.42734375 0.175 0.1171875
53 0.09296875 0.7328125 0.1859375 0.21875
53 0.18203125 0.7484375 0.0546875 0.178125
53 0.1046875 0.9171875 0.209375 0.128125
53 0.09736900467538216 0.8638125836366847 0.16622496369925485 0.11470662822814397
51 0.8953125 0.8734375 0.209375 0.253125