50 0.17265625 0.16328125 0.3453125 0.3265625
50 0.39375 0.3546875 0.290625 0.35
53 0.6046875 0.49140625 0.13125 0.0765625
53 0.73984375 0.4671875 0.2109375 0.125
53 0.93359375 0.46796875 0.1328125 0.1234375
53 0.8500842453974127 0.15352554679640465 0.21675098749546712 0.17570085697722054
53 0.646875 0.33203125 0.215625 0.2546875
53 0.8063880499879126 0.337533627101786 0.1732449665390959 0.18918953000581898
53 0.971875 0.36171875 0.05625 0.1328125
50 0.26953125 0.76484375 0.5390625 0.4703125
50 0.64921875 0.65390625 0.2203125 0.2484375