50 0.559375 0.20234375 0.31875 0.4046875
50 0.365625 0.028125 0.23125 0.05625
50 0.38125 0.15234375 0.275 0.3046875
50 0.2729235432619571 0.22434530180624926 0.28815255324424277 0.3340030108845912
50 0.05390625 0.140625 0.1078125 0.28125
50 0.759375 0.20078125 0.08125 0.4015625
52 0.0890625 0.69765625 0.178125 0.1765625
52 0.5318595272465192 0.78472976341648 0.18250339226271883 0.16990081614940147
52 0.43776950873550985 0.6003869905509892 0.25571098252898034 0.13663693756361345
52 0.5632529698423173 0.9018279833794131 0.17610752662212156 0.16812006134007795
52 0.29921875 0.95234375 0.1828125 0.0953125
52 0.0625 0.9265625 0.125 0.146875
52 0.39284773752113294 0.8464980987183572 0.17704454201316153 0.14479168874473985
52 0.571875 0.96484375 0.190625 0.0703125