50 0.325 0.38203125 0.65 0.2140625
50 0.21640625 0.3140625 0.4328125 0.35
50 0.1015625 0.2078125 0.203125 0.415625
50 0.1609375 0.0875 0.321875 0.175
53 0.84453125 0.44296875 0.3109375 0.0921875
53 0.7453125 0.19921875 0.190625 0.1703125
53 0.72109375 0.36953125 0.1421875 0.2078125
53 0.940625 0.08125 0.11875 0.1625
53 0.97265625 0.31171875 0.0546875 0.1578125
52 0.325 0.76640625 0.65 0.4671875
52 0.28125 0.55703125 0.475 0.1359375
52 0.05390625 0.7984375 0.1078125 0.403125
52 0.17109375 0.54296875 0.3421875 0.1078125
52 0.825 0.865625 0.35 0.26875
52 0.815625 0.725 0.33125 0.471875