50 0.31015625 0.225 0.5578125 0.45
53 0.8751796239656379 0.25633284897895914 0.22007833203372584 0.26489498465266037
53 0.7230535026257291 0.2932856294731458 0.12200336401972649 0.15442923610255282
53 0.721875 0.396875 0.20625 0.125
52 0.11536662993318489 0.7678656966852964 0.08732037603436202 0.2595185551888032
52 0.5261063246340015 0.5472053800978458 0.11099313868554468 0.1473504419114116
52 0.3609375 0.92265625 0.146875 0.1546875
52 0.48931375461491144 0.6851663987691777 0.08346812269254436 0.19678175684847724
52 0.3989523839513204 0.6556429968997224 0.057759050684271965 0.13394987012586873
52 0.34073135128900206 0.6191717780186089 0.06755222135581711 0.17059776514684694
52 0.478125 0.89375 0.096875 0.2125
52 0.56640625 0.79921875 0.0453125 0.2140625
52 0.3834808306015485 0.7756711543682551 0.14820223734881743 0.12519202199532414
51 0.9640625 0.70859375 0.071875 0.3203125
51 0.78125 0.5875 0.25625 0.25625