50 0.32421875 0.25703125 0.3109375 0.4453125
50 0.175 0.20390625 0.35 0.4078125
52 0.7713743454584379 0.12714999321413673 0.35454464247680556 0.14654960990419424
52 0.7609375 0.18828125 0.478125 0.2234375
52 0.5171875 0.2125 0.075 0.246875
52 0.6728673763279867 0.28663013455313796 0.3289653738594446 0.25445064111185867
52 0.8375 0.334375 0.325 0.253125
51 0.6046875 0.98671875 0.134375 0.0265625
51 0.7140625 0.9421875 0.15 0.115625
51 0.5125 0.96328125 0.065625 0.0734375
51 0.5517911569131948 0.8982625961093842 0.12173214247680555 0.13434842378986112
51 0.50625 0.82421875 0.053125 0.1390625