50 0.31484375 0.175 0.6296875 0.35
50 0.89765625 0.115625 0.2046875 0.15
50 0.8328125 0.27734375 0.165625 0.1453125
50 0.26038652758530584 0.7483399710814428 0.3622088408008688 0.3068547463761561
50 0.08046875 0.7859375 0.1609375 0.428125
51 0.7739964546146749 0.8116526562380129 0.19356218455464616 0.16141521637033698
51 0.753125 0.396875 0.178125 0.09375
51 0.66171875 0.4265625 0.0640625 0.153125
51 0.67265625 0.58203125 0.0859375 0.1609375
51 0.67109375 0.71796875 0.0828125 0.1640625
51 0.6859375 0.8890625 0.1125 0.1375