51 0.13671875 0.01796875 0.1265625 0.0359375
50 0.725 0.14453125 0.55 0.2890625
50 0.225 0.625 0.45 0.5375
50 0.275 0.43046875 0.35 0.2828125
50 0.3546875 0.80859375 0.190625 0.3828125
53 0.605390125956025 0.7541032648871961 0.24717183135366608 0.23620728949430198
53 0.6655510729738888 0.5961859110820893 0.17490437476889084 0.16574493217453856
53 0.7 0.3359375 0.18125 0.09375
53 0.54296875 0.50078125 0.1859375 0.2078125
53 0.97578125 0.584375 0.0484375 0.175
53 0.92265625 0.62734375 0.1546875 0.2390625