51 0.27734375 0.64765625 0.2640625 0.1234375
51 0.35 0.34296875 0.11875 0.3328125
51 0.3171875 0.09375 0.184375 0.1875
51 0.23640169073726805 0.45905262930357826 0.3292399294066941 0.3495932945498552
51 0.1796875 0.11015625 0.284375 0.2203125
51 0.0953125 0.22265625 0.190625 0.3546875
52 0.83203125 0.45703125 0.3359375 0.5046875
52 0.73203125 0.26015625 0.5359375 0.5203125
52 0.8 0.0546875 0.4 0.109375
50 0.2046875 0.8546875 0.409375 0.290625
53 0.67265625 0.94453125 0.2671875 0.1109375
53 0.540625 0.840625 0.2625 0.2625
53 0.496875 0.73671875 0.175 0.0546875