52 0.9125 0.1015625 0.175 0.203125
52 0.8890625 0.13359375 0.221875 0.2390625
53 0.15 0.66015625 0.3 0.2953125
53 0.2296875 0.85390625 0.35625 0.2921875
53 0.12265625 0.471875 0.1703125 0.14375
53 0.3828125 0.546875 0.09375 0.225
51 0.6551634180223586 0.651197843875121 0.135294392044481 0.14296018052176757
51 0.6824134849857616 0.5221461481298472 0.13707508035608368 0.15546927088084708
51 0.8002401388013654 0.6191069856602563 0.13236030681713337 0.15387949980360832
51 0.592028623787127 0.9116949823406066 0.15113758035608366 0.15555108411256385
51 0.4859375 0.83828125 0.1125 0.1546875
51 0.46484375 0.73203125 0.0703125 0.1515625
51 0.6115752849063314 0.7764387383907309 0.135294392044481 0.14296018052176757
51 0.5461060178602027 0.6783921238311545 0.151246674511885 0.16180108411256366
51 0.733504831984232 0.7726046903825207 0.14135347727182862 0.132059041958086
51 0.7354746607187579 0.8835194644848217 0.14949325973923272 0.15085449375348398