51 0.17549888357949933 0.290863134525568 0.175235556243525 0.28290204721387224
51 0.31640625 0.24609375 0.1046875 0.2078125
51 0.3003812212545557 0.4324297372693433 0.10691358767505647 0.15426183674699842
51 0.1328125 0.475 0.1625 0.109375
50 0.5359375 0.396875 0.334375 0.265625
50 0.884375 0.3046875 0.23125 0.39375
50 0.5625 0.15234375 0.3875 0.3046875
51 0.17265625 0.7328125 0.3453125 0.38125
52 0.941607688789567 0.8223582453030256 0.08165672249741007 0.11383425782192055
52 0.5338400765074047 0.6957010949218547 0.05970894789030403 0.11099768415851478
52 0.6658756346129566 0.7553806608339272 0.07696922249741008 0.11356124203690499