51 0.56015625 0.4390625 0.1796875 0.334375
51 0.49609375 0.5734375 0.1921875 0.2125
51 0.31328125 0.53203125 0.2421875 0.2953125
51 0.3662640181677116 0.3344133097626909 0.1970015142540035 0.31581770678164434
51 0.4516908193853578 0.18411790322871563 0.18584087364711993 0.2935060591390092
51 0.26796875 0.1125 0.1546875 0.225
51 0.171875 0.59140625 0.190625 0.1765625
51 0.2209035918051331 0.3131655101341944 0.16594296182840917 0.2785702638537389
52 0.7765625 0.19296875 0.253125 0.3203125
52 0.5328125 0.7421875 0.234375 0.125
52 0.3453125 0.78359375 0.328125 0.2078125
52 0.28125 0.93046875 0.290625 0.1390625