51 0.27328379881102444 0.23912413060586762 0.24061510943331238 0.22885627108590292
51 0.446875 0.38984375 0.30625 0.3140625
51 0.11796875 0.31953125 0.2359375 0.2828125
51 0.0984375 0.50859375 0.196875 0.0828125
51 0.29375 0.49921875 0.26875 0.1015625
51 0.94140625 0.15859375 0.1171875 0.3171875
51 0.884375 0.3203125 0.23125 0.315625
51 0.4494296365599724 0.7223717352792703 0.27026789309857635 0.2732608877271529
51 0.28828125 0.6484375 0.2078125 0.196875
51 0.1390625 0.6109375 0.259375 0.121875
51 0.90078125 0.81015625 0.1984375 0.2265625
51 0.703125 0.740625 0.20625 0.2125
51 0.925 0.6265625 0.15 0.153125
51 0.79765625 0.9296875 0.2546875 0.140625