51 0.56328125 0.3359375 0.1078125 0.165625
51 0.62734375 0.33515625 0.2359375 0.1671875
51 0.80078125 0.078125 0.2390625 0.15625
51 0.959375 0.31328125 0.08125 0.2109375
51 0.63671875 0.1921875 0.2546875 0.328125
51 0.82265625 0.3859375 0.2203125 0.065625
52 0.89609375 0.9578125 0.2078125 0.084375
52 0.946875 0.8765625 0.10625 0.2375
52 0.7731377504028236 0.8216163093149905 0.34576328948585866 0.23817906821223894
52 0.934375 0.72265625 0.13125 0.2296875
52 0.87109375 0.56328125 0.2578125 0.2703125
52 0.78203125 0.49375 0.3828125 0.15