51 0.321875 0.209375 0.334375 0.403125
53 0.94140625 0.0890625 0.1171875 0.178125
53 0.96015625 0.271875 0.0796875 0.178125
53 0.71640625 0.50234375 0.2359375 0.0734375
53 0.7379514448200076 0.3144144663059447 0.25958336424263573 0.24287133197589003
53 0.5484375 0.1796875 0.11875 0.19375
53 0.6716493438242158 0.18639900893356992 0.15274803248413757 0.13121677973732648
53 0.8212128342055689 0.16603784204111366 0.11215774881887378 0.08541960085908258
52 0.4375 0.89921875 0.103125 0.2015625
52 0.14921875 0.6390625 0.2984375 0.2
52 0.35 0.73359375 0.278125 0.3140625
50 0.87109375 0.659375 0.2578125 0.240625
50 0.63515625 0.76953125 0.2921875 0.4609375