51 0.5375963690970915 0.36529529285476786 0.18033162822814397 0.17446881275401332
51 0.6140067777436113 0.08998767639185297 0.18690941015912904 0.17948386137453226
51 0.4765625 0.03984375 0.171875 0.0796875
51 0.37109375 0.4875 0.0828125 0.1625
51 0.4105643395118948 0.27550685379975876 0.16005197921687966 0.15161116689245624
50 0.2765625 0.72109375 0.10625 0.2421875
50 0.10859375 0.7078125 0.2171875 0.215625
50 0.1921875 0.63984375 0.275 0.0796875
50 0.17109375 0.88359375 0.2734375 0.2328125
50 0.040625 0.8703125 0.08125 0.259375
52 0.4703125 0.71484375 0.28125 0.2296875
52 0.7375 0.709375 0.328125 0.21875
52 0.92109375 0.65859375 0.1578125 0.1171875