51 0.09609375 0.1578125 0.1921875 0.315625
51 0.04609375 0.1265625 0.0921875 0.253125
51 0.36015625 0.1359375 0.0984375 0.178125
52 0.921875 0.20546875 0.15625 0.2484375
52 0.5125 0.6171875 0.20625 0.19375
52 0.7195163773323155 0.5197981402388884 0.1491975005656478 0.16585010698142783
52 0.8938056034395846 0.726552385086408 0.1806033254478699 0.2063061635982751
52 0.50703125 0.4296875 0.1953125 0.2
52 0.7874886699804643 0.8423158876626481 0.22693152130083288 0.20498292462635348
52 0.50859375 0.728125 0.1984375 0.171875
52 0.5653696622047699 0.8307967481468775 0.16331878916129589 0.15030486065745413
52 0.4671875 0.80859375 0.115625 0.1578125
52 0.8204049340712508 0.520152313765456 0.1594514953818517 0.15918718455464625