22 0.15 0.24375 0.3 0.4875
22 0.16328125 0.5828125 0.2015625 0.134375
22 0.2640625 0.1796875 0.071875 0.359375
52 0.946875 0.4203125 0.10625 0.321875
52 0.9203125 0.19140625 0.159375 0.2421875
52 0.7395274980202325 0.2608247054085407 0.2649974492933328 0.2421539210548925
52 0.8112487987268995 0.47943295775432926 0.28126628972694395 0.3038562455605245
52 0.56640625 0.5453125 0.2890625 0.209375
52 0.525329005513103 0.33947350133738236 0.275543970028518 0.2739502242732012
52 0.365625 0.41640625 0.13125 0.2921875
52 0.3984375 0.57734375 0.196875 0.1453125
53 0.22109375 0.9109375 0.1578125 0.178125
50 0.6734375 0.71640625 0.29375 0.1328125
50 0.4953125 0.78671875 0.390625 0.2734375