51 0.3203125 0.334375 0.33203125 0.11015625
51 0.4984375 0.07734375 0.23984375 0.11875
51 0.79609375 0.0859375 0.2609375 0.11640625
51 0.6421875 0.2078125 0.2921875 0.10859375
51 0.740625 0.3484375 0.315625 0.1578125
51 0.32109375 0.21640625 0.31796875 0.12109375
51 0.77890625 0.62890625 0.15 0.07421875
51 0.7546875 0.8375 0.15546875 0.0734375
51 0.91640625 0.86484375 0.16484375 0.078125
51 0.16484375 0.6171875 0.146875 0.07734375
51 0.20078125 0.89140625 0.14921875 0.0796875
51 0.6359375 0.66640625 0.15390625 0.0625
51 0.684375 0.76015625 0.1640625 0.0734375