51 0.1015625 0.259375 0.203125 0.296875
51 0.22006294761487055 0.3203974396131047 0.2229997294689811 0.23293458963168218
51 0.3667797744662912 0.3893222705222098 0.27362244234221594 0.2678549639067359
51 0.17081742842123404 0.49120776969701724 0.2666076178365838 0.2564438672260838
51 0.7887529634543125 0.45355624957579277 0.17506497402109966 0.19200101369695446
51 0.5875 0.4375 0.096875 0.234375
51 0.11875 0.9359375 0.2375 0.128125
51 0.34375 0.73359375 0.240625 0.1296875
51 0.12109375 0.934375 0.2421875 0.13125
51 0.20407196085642232 0.8004787937669338 0.23928029333095163 0.24349358133331256
51 0.4625 0.7828125 0.153125 0.228125