52 0.8875 0.0921875 0.225 0.184375
52 0.58203125 0.06796875 0.1265625 0.1359375
52 0.940625 0.36015625 0.11875 0.2171875
52 0.7946997470653393 0.24652201536149257 0.29460680289774865 0.2491024418392609
52 0.38359375 0.92109375 0.2703125 0.1578125
52 0.3210922663436707 0.7263082258989536 0.3489099784053167 0.44062208390440105
52 0.42734375 0.5484375 0.1828125 0.159375
52 0.1984375 0.51953125 0.303125 0.1015625
52 0.05859375 0.6828125 0.1171875 0.259375
51 0.78984375 0.6546875 0.4203125 0.371875
51 0.65078125 0.815625 0.2640625 0.36875