52 0.08125 0.0421875 0.146875 0.084375
53 0.909375 0.39296875 0.18125 0.1140625
53 0.66484375 0.365625 0.3234375 0.16875
53 0.646120319435451 0.18059011201600414 0.326058579406528 0.2524660754848197
53 0.91015625 0.1890625 0.1796875 0.23125
53 0.8828125 0.05625 0.234375 0.1125
53 0.46953125 0.08359375 0.2390625 0.1671875
51 0.05625 0.553125 0.1125 0.1875
51 0.20049934812079825 0.5536866927791249 0.1465152433504862 0.18841939204448083
51 0.3046875 0.56484375 0.090625 0.1640625
52 0.49296875 0.6859375 0.2859375 0.284375
52 0.8859375 0.66640625 0.228125 0.4328125
52 0.7546875 0.53828125 0.484375 0.1765625