52 0.18671875 0.0703125 0.3171875 0.140625
52 0.03359375 0.1234375 0.0671875 0.196875
52 0.17112191934292992 0.19693425592777603 0.2872158050572171 0.19382491470399826
52 0.1578125 0.36015625 0.315625 0.2203125
52 0.07734375 0.48046875 0.1546875 0.1765625
50 0.8247244740956052 0.4769928312380952 0.30043530073828045 0.27829082137172545
50 0.6675697154577319 0.31019732459423055 0.35943076650055417 0.2243305747135434
50 0.5794455590716121 0.15040524860759366 0.33519223010335963 0.21155785471036168
50 0.57265625 0.04140625 0.3453125 0.0828125
50 0.1890625 0.75234375 0.378125 0.1671875
52 0.62578125 0.8625 0.2890625 0.275
52 0.83984375 0.834375 0.2578125 0.33125