50 0.7390625 0.05546875 0.521875 0.1109375
50 0.7515625 0.1484375 0.496875 0.296875
50 0.74453125 0.1921875 0.5109375 0.215625
50 0.60625 0.2171875 0.4125 0.165625
53 0.33203125 0.878125 0.1359375 0.24375
53 0.26099621721045585 0.6234098447043698 0.2487052521477066 0.2843536910658786
53 0.1859375 0.9484375 0.253125 0.103125
53 0.09921875 0.60546875 0.1984375 0.1671875
52 0.8326277985089774 0.7786474623632156 0.2982958163720578 0.27886997849326606
52 0.5891521947092186 0.522962426797855 0.27354812188998173 0.2527783593866781
52 0.8319538483726918 0.5225237408992629 0.25528280076822557 0.29089478949430203