52 0.2171875 0.3046875 0.425 0.609375
51 0.7034614418469453 0.2086029506452034 0.28261417624907353 0.2761937213682689
51 0.6322426783218067 0.37740468878220523 0.21532963996249954 0.2189595415204934
51 0.57421875 0.5140625 0.2671875 0.190625
51 0.7740795723368068 0.4678598869187697 0.26343494929333283 0.23493205140632512
52 0.21484375 0.67421875 0.4296875 0.1296875
52 0.29140625 0.85703125 0.2765625 0.2859375
52 0.21484375 0.73984375 0.4296875 0.2609375
52 0.88359375 0.63359375 0.2046875 0.0484375
52 0.74296875 0.659375 0.2140625 0.1
52 0.645458411921946 0.8464876112156071 0.20777141819055522 0.18595604053191012