52 0.503125 0.35625 0.253125 0.265625
52 0.1328125 0.40390625 0.265625 0.1703125
52 0.17421875 0.3453125 0.3484375 0.2875
52 0.4 0.375 0.184375 0.228125
52 0.22164180998931576 0.28513363671932546 0.34375995680090715 0.3019286038192622
52 0.115625 0.20078125 0.23125 0.3140625
50 0.81484375 0.24453125 0.3703125 0.4890625
50 0.7890625 0.10234375 0.31875 0.2046875
50 0.72734375 0.36796875 0.1953125 0.2421875
51 0.38046875 0.74140625 0.4984375 0.5046875
51 0.2609375 0.93671875 0.521875 0.1265625
52 0.803125 0.74453125 0.346875 0.5109375