52 0.196875 0.1609375 0.39375 0.321875
52 0.3625 0.0984375 0.2125 0.196875
51 0.5515625 0.10390625 0.165625 0.2078125
51 0.78828125 0.08984375 0.2546875 0.1796875
51 0.52578125 0.2921875 0.1140625 0.215625
53 0.27421875 0.90234375 0.2796875 0.1953125
53 0.0625 0.45625 0.125 0.1125
53 0.05234375 0.88515625 0.1046875 0.1234375
53 0.44921875 0.84921875 0.0390625 0.1296875
53 0.38203125 0.51875 0.1734375 0.2375
53 0.41796875 0.66484375 0.1015625 0.1421875
53 0.13301963748352702 0.9214470806407989 0.12411927693097127 0.12006053970326391
51 0.70859375 0.515625 0.4796875 0.23125