52 0.36328125 0.14140625 0.3515625 0.2828125
50 0.803125 0.18984375 0.39375 0.3796875
50 0.70546875 0.17578125 0.3328125 0.3515625
50 0.640625 0.24453125 0.203125 0.4890625
50 0.0890625 0.815625 0.178125 0.36875
50 0.1679623960454979 0.7226399602730561 0.3182442067154524 0.3868519083886106
50 0.3390625 0.67109375 0.35 0.3640625
50 0.34609375 0.89609375 0.2859375 0.2078125
50 0.45078125 0.7640625 0.1765625 0.471875
30 0.86328125 0.56953125 0.1953125 0.1609375
30 0.84921875 0.940625 0.1828125 0.11875