52 0.21328125 0.29453125 0.4265625 0.2296875
52 0.71953125 0.08125 0.5609375 0.1625
52 0.79375 0.28046875 0.4125 0.2578125
53 0.21796875 0.86015625 0.4359375 0.2796875
53 0.16328125 0.61875 0.3265625 0.41875
52 0.6234375 0.51484375 0.309375 0.2109375
52 0.7452497770620863 0.6764328912351033 0.34979433480969424 0.2920269718303487
52 0.53515625 0.640625 0.1921875 0.29375
52 0.7057622661050367 0.8173450625967119 0.32183647296682805 0.27579619395056165
52 0.640625 0.89140625 0.403125 0.2171875
52 0.54921875 0.93046875 0.2203125 0.1390625