53 0.175 0.0515625 0.234375 0.103125
53 0.5328125 0.27578125 0.034375 0.3484375
53 0.4125 0.44453125 0.275 0.1703125
53 0.1796875 0.375 0.203125 0.309375
53 0.3390625 0.16015625 0.1625 0.3203125
53 0.46206461855176073 0.1907568017883377 0.15098630657200793 0.3515359237898611
51 0.11408814954163712 0.7719989942342488 0.1284413768716785 0.19331398801421235
51 0.396875 0.63671875 0.16875 0.2140625
51 0.1578125 0.55859375 0.13125 0.0578125
51 0.3339123423452313 0.8224992039814728 0.16529609276183307 0.22167800542706678
51 0.58671875 0.825 0.0734375 0.11875