52 0.5546875 0.45390625 0.09296875 0.20546875
52 0.3578125 0.6 0.1234375 0.09453125
52 0.45078125 0.85 0.1578125 0.11015625
52 0.85390625 0.43984375 0.12109375 0.09921875
52 0.39375 0.359375 0.1140625 0.18046875
52 0.34765625 0.1265625 0.09609375 0.10859375
52 0.80546875 0.175 0.08203125 0.18515625
52 0.6046875 0.8140625 0.11953125 0.178125
52 0.6453125 0.5171875 0.09140625 0.16796875
52 0.70546875 0.6171875 0.08984375 0.12578125
52 0.746875 0.50234375 0.1 0.121875
52 0.2515625 0.28203125 0.16328125 0.115625
52 0.3078125 0.6875 0.1078125 0.11328125