53 0.084375 0.4984375 0.16875 0.1625
53 0.06015625 0.1546875 0.1203125 0.2125
53 0.53984375 0.46953125 0.1203125 0.1890625
53 0.3421875 0.53828125 0.16875 0.0828125
53 0.2234375 0.52421875 0.171875 0.1109375
53 0.11096408593237408 0.36484756580012634 0.14600220258518873 0.1841110782238987
30 0.3802446210270768 0.22448807020029485 0.16235671444818678 0.24175644006676497
52 0.84921875 0.33828125 0.3015625 0.3109375
52 0.725 0.103125 0.25 0.20625
52 0.67109375 0.3484375 0.1421875 0.28125
52 0.8171875 0.553125 0.23125 0.053125
50 0.22734375 0.78984375 0.4546875 0.4203125
51 0.71875 0.6546875 0.2375 0.15
51 0.857109574069376 0.8394241374671442 0.2515810405319101 0.21637377194301372