52 0.22265625 0.184375 0.4453125 0.36875
52 0.5890625 0.3296875 0.059375 0.21875
52 0.8560581999020866 0.3112189172733692 0.13710523392387763 0.11510011213660061
52 0.846875 0.071875 0.109375 0.14375
52 0.5921875 0.64609375 0.065625 0.1078125
52 0.6377502411996631 0.39242998448953437 0.11720946272868282 0.18043018119435103
52 0.6822050876853112 0.49173086196137356 0.10974333699532117 0.13646165990702758
52 0.7402429824282405 0.3759530426515216 0.11880825658579557 0.13399222376899794
53 0.28671875 0.74375 0.1890625 0.0875
53 0.109375 0.76484375 0.115625 0.1296875
53 0.4104719133496736 0.7942820615930566 0.154101399862002 0.1612866972858944
52 0.802177262394858 0.7581195945324479 0.13804757310482607 0.10895937278026224
52 0.85546875 0.97109375 0.1765625 0.0578125
52 0.9703125 0.93515625 0.059375 0.1296875
52 0.7390400712352795 0.8470999670606087 0.12584555556198085 0.12672602698730664