52 0.4625 0.0859375 0.24375 0.09765625
52 0.709375 0.1328125 0.15234375 0.17265625
52 0.89453125 0.11796875 0.11640625 0.140625
52 0.83828125 0.690625 0.25 0.1171875
52 0.50546875 0.846875 0.24140625 0.16328125
52 0.3875 0.48046875 0.26640625 0.19609375
52 0.94765625 0.35859375 0.1046875 0.19609375
52 0.128125 0.4265625 0.2390625 0.12421875
52 0.740625 0.57890625 0.1859375 0.103125
52 0.8125 0.2125 0.06796875 0.15
52 0.534375 0.16640625 0.16328125 0.04765625
52 0.22734375 0.2453125 0.340625 0.08359375