53 0.48515625 0.309375 0.2109375 0.2375
53 0.53515625 0.45390625 0.1796875 0.1296875
53 0.93046875 0.36875 0.1390625 0.3
53 0.9125 0.4625 0.175 0.1125
53 0.815625 0.42109375 0.196875 0.1953125
50 0.21347957375092644 0.732523699808644 0.2722234803961106 0.2979868334488165
50 0.33203125 0.89140625 0.0953125 0.2171875
50 0.32578125 0.7453125 0.1078125 0.21875
50 0.3109375 0.603125 0.1375 0.16875
50 0.2375 0.9328125 0.28125 0.134375
53 0.57734375 0.85625 0.3140625 0.2875
53 0.5375 0.68125 0.315625 0.325
53 0.88515625 0.775 0.2296875 0.225