52 0.3265625 0.1234375 0.465625 0.246875
52 0.38359375 0.17109375 0.3515625 0.2765625
49 0.7796875 0.1546875 0.440625 0.309375
53 0.4859375 0.5234375 0.146875 0.2
53 0.475 0.8109375 0.16875 0.240625
53 0.07578125 0.4109375 0.1515625 0.203125
53 0.24830182779100732 0.5379737914893662 0.1561811840799308 0.20903578243518836
53 0.3540069671336809 0.5555051349365332 0.142664197947639 0.23148993664223277
53 0.06487630442399368 0.7669407536062962 0.12027874525034736 0.1410070482746301
53 0.07578125 0.91640625 0.1390625 0.1671875
53 0.3404588390932646 0.8447097465689307 0.10152874525034736 0.13969592055068922
53 0.16089666603125058 0.7369961635133239 0.15145731648875013 0.20714550050420294
53 0.2625 0.36640625 0.075 0.1140625
53 0.15209962822784764 0.5601058815823385 0.12256859707395851 0.1723663089182919
53 0.0421875 0.5703125 0.084375 0.153125
52 0.6421875 0.52109375 0.165625 0.2046875
52 0.7942260447372572 0.5271012655104658 0.16482883225631975 0.17844134629715871
52 0.903125 0.9140625 0.175 0.171875
52 0.60234375 0.92734375 0.0859375 0.1453125
52 0.62734375 0.66796875 0.1359375 0.1765625
52 0.7256734536472222 0.39673106847667283 0.16384690729444457 0.1362538462971587