52 0.60390625 0.059375 0.0703125 0.11875
52 0.30251295208025597 0.2778555640515431 0.1749075366905286 0.16130222135581712
52 0.25 0.0171875 0.15 0.034375
52 0.518602141712204 0.11407651674885991 0.20269933674699842 0.10229084802672617
52 0.5618431784733199 0.19967820942072328 0.13837923151356132 0.07031359468490823
52 0.57890625 0.2515625 0.1203125 0.084375
52 0.30874129430068764 0.1569163553866794 0.23182539462538862 0.11980561203054414
52 0.39140625 0.04296875 0.2171875 0.0859375
52 0.44670329686093646 0.23347085940481485 0.1373165314288567 0.1593033693507266
52 0.23828125 0.80859375 0.4765625 0.3828125
52 0.1234375 0.48828125 0.246875 0.0984375
52 0.21328125 0.6 0.4265625 0.24375
52 0.84609375 0.80859375 0.3078125 0.3828125
52 0.859375 0.56328125 0.28125 0.2484375