53 0.171875 0.07109375 0.16875 0.1421875
53 0.02109375 0.13515625 0.0421875 0.1578125
53 0.07734375 0.53203125 0.1421875 0.0359375
53 0.48125 0.15546875 0.096875 0.2078125
53 0.45546875 0.03515625 0.1484375 0.0703125
53 0.11214209688652721 0.40496781922944447 0.15545383225631965 0.17248017912609298
53 0.1429225842530899 0.25826643402023447 0.1454969507974308 0.14715279691210786
53 0.2428336249062844 0.16480166541591296 0.12987195079743064 0.1466071598887993
53 0.4625 0.3546875 0.134375 0.196875
53 0.2234375 0.4796875 0.1625 0.140625
53 0.32265625 0.52421875 0.1484375 0.0515625
56 0.68125 0.45625 0.303125 0.1875
55 0.26484375 0.775 0.5296875 0.45
57 0.93984375 0.76484375 0.1203125 0.2234375
57 0.92578125 0.93125 0.1484375 0.1375
57 0.83359375 0.88828125 0.2171875 0.2234375
57 0.811291377756076 0.7412847759455337 0.1614856267092363 0.16332343393541643
57 0.6842547926499648 0.8244196797590652 0.14724128875333342 0.1550198606144388
57 0.7328125 0.9203125 0.165625 0.159375
57 0.6796875 0.975 0.15625 0.05