53 0.3609375 0.50234375 0.146875 0.0734375
53 0.47714343340079957 0.20695932113085447 0.15621677973732648 0.16229473585674556
53 0.484375 0.36953125 0.209375 0.2796875
57 0.7212541180447947 0.22486503806099875 0.21006547602842468 0.2403999363558597
57 0.7233909073930593 0.4139794598580121 0.18811523292582982 0.20725368302809458
57 0.8534767978275495 0.30018020341027774 0.1402442989592032 0.24321098252898032
57 0.61640625 0.2078125 0.0546875 0.140625
55 0.38515625 0.63515625 0.4078125 0.1921875
55 0.29453125 0.76953125 0.5890625 0.4609375
57 0.68984375 0.67421875 0.2015625 0.2703125
57 0.71484375 0.890625 0.2515625 0.21875
57 0.8234375 0.6796875 0.23125 0.28125
57 0.86796875 0.87734375 0.2640625 0.2453125