53 0.26015625 0.16796875 0.5203125 0.3359375
57 0.4953125 0.14140625 0.246875 0.2828125
53 0.49140625 0.4640625 0.1796875 0.15
56 0.684375 0.06328125 0.13125 0.1265625
56 0.86640625 0.103125 0.2046875 0.20625
56 0.67109375 0.215625 0.1046875 0.18125
57 0.565625 0.809375 0.10625 0.15
57 0.2790931942549334 0.782769783378407 0.20185682835784552 0.15694198535963508
57 0.31171875 0.93125 0.1828125 0.1375
57 0.34482333559393463 0.6812532840547247 0.17596935775648764 0.08012494668999892
57 0.450562080505552 0.7621225707351786 0.17373847241038015 0.12694540268936266
55 0.68203125 0.8078125 0.1265625 0.384375