53 0.11171875 0.2015625 0.2234375 0.315625
55 0.73828125 0.28671875 0.5046875 0.1453125
55 0.553125 0.290625 0.146875 0.1375
55 0.73984375 0.1796875 0.5203125 0.359375
56 0.08125 0.91484375 0.15 0.1703125
56 0.5549643845878672 0.8042552762597357 0.14173515603118042 0.2361644400324213
56 0.71875 0.95625 0.175 0.0875
56 0.8270870219605474 0.5269287586819431 0.20112833736472585 0.24049237510244392
56 0.8288013265834129 0.8498397198068137 0.20623400803627118 0.2766481989237615
57 0.6977615066040939 0.6913101282028158 0.21851583203372557 0.25848039578060844
57 0.93671875 0.7828125 0.1265625 0.221875
57 0.5515625 0.92265625 0.14375 0.1546875
57 0.5671875 0.51328125 0.175 0.2484375
57 0.6994347366327288 0.4803362408992628 0.1318510786919081 0.19197779238978616