53 0.3015865426660788 0.186424337402957 0.23648633970108293 0.18021420171816516
53 0.3078125 0.05078125 0.203125 0.1015625
53 0.403125 0.128125 0.13125 0.15625
53 0.3984375 0.33203125 0.140625 0.1078125
53 0.26640625 0.3546875 0.1578125 0.128125
53 0.4484375 0.36328125 0.040625 0.1109375
55 0.734375 0.30703125 0.53125 0.2234375
55 0.734375 0.209375 0.53125 0.41875
53 0.234375 0.6859375 0.46875 0.534375
53 0.35859375 0.71953125 0.2203125 0.5609375
56 0.734375 0.81015625 0.53125 0.3796875
56 0.9421875 0.70703125 0.115625 0.3765625