53 0.33046875 0.35390625 0.2171875 0.3453125
53 0.10234375 0.28828125 0.2046875 0.3515625
53 0.263066255822792 0.1706155698689537 0.18885270290907386 0.19402700956072394
53 0.5359375 0.08671875 0.19375 0.1734375
53 0.6765625 0.52421875 0.20625 0.0703125
53 0.5833545224195316 0.39672509176817883 0.17933599295103023 0.21207610271317884
53 0.51171875 0.3296875 0.1453125 0.234375
53 0.8742503643262989 0.29879422733480776 0.13217572780418294 0.143747604872647
53 0.9375 0.15859375 0.125 0.1921875
53 0.6745543271841276 0.09805944941860298 0.11655072780418312 0.14274630937615385
53 0.7720007800932013 0.2755150185123643 0.1745300937808672 0.21021321406423077
53 0.47734375 0.515625 0.0765625 0.0875
53 0.681390203333281 0.4265546892395703 0.1406753120372805 0.17383562307124442
53 0.7869782751188239 0.4731712685123643 0.10956702199532416 0.15318316162790727
53 0.93828125 0.37734375 0.1234375 0.1640625
49 0.2640625 0.7796875 0.35 0.440625
49 0.90859375 0.72109375 0.1828125 0.3234375