53 0.17734375 0.04765625 0.1828125 0.0953125
53 0.34453125 0.025 0.1984375 0.05
53 0.06640625 0.2265625 0.1328125 0.121875
53 0.4892715149543944 0.10476262865839088 0.20239595760961002 0.13767509821299112
53 0.3830407784709803 0.23218029099541138 0.13523265351435185 0.1053068831160271
53 0.1639444042043417 0.19233040706530993 0.19272297515245515 0.11878873051823949
55 0.8359375 0.26640625 0.328125 0.1859375
55 0.86796875 0.11875 0.2640625 0.2375
55 0.3296875 0.73515625 0.659375 0.5296875
56 0.8296875 0.81015625 0.340625 0.3671875
56 0.93984375 0.7140625 0.1203125 0.3375