53 0.36796875 0.059375 0.1953125 0.11875
53 0.32597082038538155 0.15513302784280453 0.1386287017473613 0.11958037727617317
53 0.13830781943545106 0.1230921029947714 0.15756053970326392 0.1279384465556454
53 0.0265625 0.10078125 0.053125 0.1265625
53 0.02734375 0.44921875 0.0546875 0.1359375
53 0.1929381552071522 0.2614930249398107 0.17634690729444458 0.13004651583511767
53 0.41421439637343693 0.2264972139736087 0.12845492116215312 0.15207462852981452
53 0.2354685344818396 0.3823427340318684 0.16351959897381968 0.11562030298213628
56 0.36015625 0.7796875 0.2578125 0.440625
56 0.221875 0.7796875 0.434375 0.440625
56 0.09453125 0.7796875 0.1890625 0.440625
54 0.7099477365135414 0.8149697144358271 0.2988440756068059 0.36158132383181885
54 0.559375 0.86171875 0.140625 0.2765625