53 0.04921875 0.0796875 0.0984375 0.159375
53 0.22512124856782273 0.29607249876667724 0.11244655068427196 0.1309783746817267
53 0.2234375 0.41796875 0.13125 0.1015625
53 0.12627521590550436 0.26288673408654145 0.14287948535963507 0.19538632001909004
53 0.12442345659613956 0.08627878075267788 0.11437267735518084 0.16224655601527208
53 0.23834050592777611 0.1001060181014953 0.0845033640197265 0.14627611067790855
53 0.321633169239368 0.261253150779722 0.10021927068745384 0.15427042401336308
50 0.7765625 0.1546875 0.446875 0.309375
50 0.153125 0.53984375 0.30625 0.1421875
50 0.2890625 0.8078125 0.259375 0.384375
50 0.3015625 0.66953125 0.234375 0.4015625
50 0.7330075685869127 0.6632236360995863 0.4222771787078162 0.30799759739017923
50 0.5703125 0.509375 0.303125 0.08125