53 0.0796875 0.34609375 0.159375 0.1078125
53 0.5078125 0.1796875 0.084375 0.3375
53 0.303125 0.26875 0.30625 0.2625
56 0.76796875 0.1265625 0.4328125 0.253125
56 0.92890625 0.11484375 0.1421875 0.2296875
55 0.2359375 0.55703125 0.471875 0.3140625
55 0.0859375 0.690625 0.171875 0.58125
53 0.6796573542229687 0.5315827374283593 0.1799420757634536 0.15819540268936266
53 0.5890625 0.71875 0.078125 0.140625
53 0.7589467572476879 0.6810838454407678 0.13641547424624498 0.10305336935072659
53 0.6162655654231581 0.8483338854232686 0.1282203369733413 0.09827496268299925
53 0.9318900496713425 0.6987360641310849 0.07691292848861053 0.10079997867599957
53 0.643338506329604 0.919028193427723 0.12535042848861017 0.10136360001590816
53 0.60546875 0.4515625 0.1109375 0.103125