53 0.22578125 0.48359375 0.1484375 0.0515625
53 0.12234063057487851 0.3651944061028026 0.12575616943775678 0.09193567617626978
53 0.0546875 0.47578125 0.109375 0.0671875
51 0.28019389766363734 0.8524107547740778 0.1794554824490227 0.1704895029334456
51 0.3484375 0.61640625 0.103125 0.1953125
51 0.29590616270733217 0.7230987573336141 0.153000631037097 0.1180088596572391
51 0.24140625 0.57265625 0.1328125 0.1265625
53 0.790625 0.92421875 0.20625 0.1515625
53 0.8515625 0.546875 0.253125 0.075
53 0.43984375 0.95 0.0796875 0.1
53 0.48024405878812393 0.8033772898597679 0.1540463054894186 0.15394635965723902
53 0.5203125 0.95 0.090625 0.1