53 0.08828125 0.2921875 0.1765625 0.115625
53 0.14463051995508389 0.1688871217718561 0.1517311695074462 0.14933300050420312
53 0.2683309147829408 0.14535715060074814 0.13705359981466553 0.22000613342392406
50 0.74296875 0.175 0.5140625 0.35
51 0.91875 0.87109375 0.1625 0.2578125
51 0.92265625 0.5109375 0.1546875 0.321875
51 0.975 0.87734375 0.05 0.2453125
51 0.6759524087076729 0.4415769507169637 0.10087799763774737 0.16603989926336576
51 0.4875 0.45 0.05625 0.171875
51 0.6236682008104574 0.581502464210617 0.08843256134007813 0.166728314114072
51 0.535602716419554 0.5265742996120124 0.10136907095872498 0.18010239926336577