53 0.34765625 0.19140625 0.4234375 0.3609375
53 0.3265625 0.37890625 0.35 0.2796875
53 0.04921875 0.2265625 0.0984375 0.33125
53 0.115625 0.4515625 0.23125 0.134375
53 0.32265625 0.059375 0.2484375 0.11875
53 0.8078125 0.1453125 0.321875 0.290625
53 0.9 0.41484375 0.2 0.2078125
53 0.81328125 0.47890625 0.2828125 0.0796875
53 0.63515625 0.4453125 0.1515625 0.146875
53 0.7515625 0.354518128666807 0.2328125 0.2684134905096734
53 0.85625 0.03515625 0.221875 0.0703125
56 0.18828125 0.85234375 0.3765625 0.2953125
56 0.24609375 0.71015625 0.3859375 0.3828125
56 0.396875 0.79140625 0.325 0.4171875
56 0.7796875 0.759375 0.440625 0.48125