53 0.34296875 0.14453125 0.3953125 0.2890625
53 0.4671875 0.159375 0.165625 0.31875
53 0.384375 0.46953125 0.33125 0.2984375
53 0.0453125 0.16171875 0.090625 0.3234375
53 0.13828125 0.09921875 0.2765625 0.1984375
53 0.19375 0.48671875 0.284375 0.2640625
57 0.93828125 0.22421875 0.1234375 0.4484375
57 0.878125 0.42734375 0.24375 0.3828125
57 0.8237921135011061 0.3178577190546806 0.21354597220510563 0.24630801332783497
57 0.8875 0.12265625 0.225 0.2453125
54 0.271875 0.809375 0.54375 0.38125
54 0.42265625 0.88046875 0.2546875 0.2390625
56 0.628125 0.92734375 0.15625 0.1453125
56 0.83828125 0.93046875 0.2109375 0.1390625