53 0.08359375 0.07109375 0.1671875 0.1421875
53 0.13671875 0.3203125 0.1546875 0.1375
53 0.0609375 0.28671875 0.121875 0.2046875
53 0.38359375 0.22734375 0.0328125 0.1421875
53 0.2203125 0.06015625 0.1 0.1203125
53 0.3233498773869975 0.21707842516426065 0.149165848026726 0.20972489745537004
53 0.234375 0.3390625 0.121875 0.1
53 0.340625 0.36171875 0.090625 0.0546875
52 0.45703125 0.25 0.1140625 0.278125
52 0.540625 0.128125 0.28125 0.25625
52 0.82578125 0.1296875 0.3484375 0.259375
30 0.2770844994032241 0.7631186973135653 0.18484880935708983 0.1909940213008329
52 0.79375 0.634375 0.4125 0.490625
52 0.51796875 0.6359375 0.2359375 0.453125
52 0.4875 0.540625 0.175 0.303125