53 0.06875 0.44296875 0.1375 0.2328125
53 0.1395850564138555 0.39285731823974623 0.16476850831327017 0.24641273531769164
53 0.2921875 0.36484375 0.234375 0.2421875
53 0.15110053259467202 0.1847901071148758 0.1665463054894186 0.14663105913900915
53 0.278125 0.0546875 0.1375 0.109375
53 0.2991061235817566 0.19272026943981935 0.1379044799417402 0.18118584160399784
50 0.45703125 0.3640625 0.0953125 0.26875
50 0.51640625 0.184375 0.2140625 0.284375
50 0.60703125 0.0734375 0.2421875 0.146875
50 0.2046875 0.7796875 0.409375 0.440625
50 0.64921875 0.7796875 0.4796875 0.440625