53 0.5078125 0.3796875 0.121875 0.190625
53 0.28857939601428473 0.1591026700509534 0.4247800058059877 0.2682195348997407
53 0.165625 0.37265625 0.33125 0.2109375
55 0.665625 0.453125 0.19375 0.071875
55 0.6765625 0.334375 0.215625 0.19375
55 0.7296875 0.115625 0.178125 0.23125
55 0.91328125 0.11015625 0.1546875 0.2203125
55 0.546875 0.60703125 0.04375 0.2359375
55 0.5421875 0.9421875 0.053125 0.115625
55 0.32109375 0.590625 0.1328125 0.203125
55 0.26328125 0.88359375 0.1078125 0.2328125
55 0.35390625 0.8796875 0.1046875 0.240625
57 0.95859375 0.52890625 0.0828125 0.0796875
57 0.9344769177218971 0.6992156067409984 0.12825669530200406 0.1677796095770768
57 0.9330233809705899 0.8641684508967998 0.12458612602253183 0.1489750624991763
57 0.95 0.9796875 0.1 0.040625
57 0.871875 0.525 0.109375 0.071875
57 0.8373040525199178 0.771259976464345 0.09347251834239997 0.15311709172016927
57 0.8430947144358271 0.9165452029253945 0.0915463054894186 0.14058981818121907