53 0.1125 0.15234375 0.225 0.3046875
53 0.24453125 0.2 0.4890625 0.4
56 0.88515625 0.21171875 0.2046875 0.3765625
56 0.765625 0.2 0.228125 0.4
56 0.6328125 0.20390625 0.2875 0.3921875
56 0.15546875 0.5390625 0.3109375 0.2125
56 0.09140625 0.784375 0.1828125 0.20625
56 0.80859375 0.69140625 0.3828125 0.3703125
56 0.7559157402374426 0.8350830922296041 0.36030221662612094 0.18240479641934398
56 0.82890625 0.51953125 0.3421875 0.2265625
56 0.58203125 0.52109375 0.1859375 0.2140625
56 0.85703125 0.446875 0.2859375 0.09375
56 0.9578125 0.8546875 0.084375 0.259375
56 0.75390625 0.97109375 0.4046875 0.0578125