54 0.634375 0.55234375 0.13125 0.2328125
54 0.9515625 0.2484375 0.096875 0.321875
54 0.85 0.08515625 0.3 0.1703125
54 0.7833413034691592 0.2902245080672798 0.29245216217500314 0.3275985769216895
54 0.8390625 0.5453125 0.321875 0.246875
53 0.21953125 0.82265625 0.4015625 0.3078125
53 0.4671875 0.90859375 0.203125 0.1828125
53 0.25234375 0.95625 0.2609375 0.0875
57 0.84453125 0.96953125 0.2703125 0.0609375
57 0.93515625 0.81875 0.1296875 0.19375
57 0.665625 0.8546875 0.19375 0.203125
57 0.75234375 0.72265625 0.2515625 0.1078125
57 0.869692935688129 0.905331585403254 0.20085449375348396 0.15619014970954978