53 0.23991135402690134 0.23527028957089566 0.19740834577069996 0.19561014427970277
53 0.0828125 0.08671875 0.165625 0.1734375
53 0.43125 0.0703125 0.21875 0.140625
53 0.5120663150173208 0.19067451906765767 0.1609109237898611 0.12415180653075471
53 0.4159991412274596 0.31256193195168186 0.11453389077317447 0.10225695916315995
53 0.0625 0.01015625 0.125 0.0203125
53 0.6203125 0.03359375 0.128125 0.0671875
53 0.16640625 0.02890625 0.0859375 0.0578125
50 0.8546875 0.23984375 0.290625 0.4796875
50 0.96953125 0.23984375 0.0609375 0.4796875
51 0.86328125 0.909375 0.2734375 0.18125
51 0.8546875 0.6078125 0.290625 0.25625
51 0.8921875 0.803125 0.215625 0.271875
51 0.77578125 0.8890625 0.1328125 0.203125
51 0.8546875 0.5359375 0.290625 0.1125