53 0.51875 0.42109375 0.2 0.3171875
53 0.49765625 0.17265625 0.2421875 0.2609375
53 0.44071982122152564 0.2982822580751701 0.3473841515269072 0.3463304257261396
53 0.39453125 0.465625 0.2265625 0.228125
53 0.65234375 0.22578125 0.0671875 0.3046875
53 0.7775167722990892 0.37403991799741904 0.3116061481929272 0.325529967638882
53 0.81171875 0.04921875 0.2484375 0.0984375
53 0.7109375 0.11015625 0.184375 0.2203125
53 0.8517998109297219 0.23081067589936435 0.1316640724294736 0.15170785330540165
53 0.965625 0.1984375 0.06875 0.15
50 0.309375 0.78984375 0.61875 0.4203125
50 0.309375 0.87421875 0.61875 0.2515625