53 0.04453125 0.2015625 0.0890625 0.19375
53 0.0515625 0.37109375 0.103125 0.2140625
53 0.146875 0.071875 0.16875 0.14375
53 0.1828125 0.4890625 0.178125 0.2
53 0.2722115645941116 0.3808409564568967 0.1306088054894186 0.15013528397749987
53 0.16011942689309713 0.17076403595726725 0.16023412100796702 0.20415840263916643
56 0.870056716547398 0.30597836602328565 0.23623433135366617 0.24509505240361057
56 0.7858672361434395 0.43887975744638774 0.22171719028743925 0.2282397430727773
56 0.5234375 0.19921875 0.146875 0.3984375
56 0.6649229356685857 0.24595138072620273 0.2596551109788372 0.30013386691824023
56 0.50078125 0.4234375 0.1015625 0.33125
56 0.5841085078510517 0.3877199242228233 0.18987615690134446 0.20519322233759213
56 0.54921875 0.5265625 0.1984375 0.125
54 0.30534231334047035 0.8125449754951383 0.25616639812585584 0.2873604648447216
54 0.725 0.790625 0.55 0.403125
54 0.67890625 0.9484375 0.4578125 0.103125
54 0.87265625 0.86171875 0.2546875 0.2765625