53 0.08984375 0.12890625 0.1796875 0.2578125
53 0.415625 0.46640625 0.146875 0.0859375
53 0.36948156534679344 0.29765625 0.20687502649368775 0.196875
53 0.4046875 0.090625 0.16875 0.18125
53 0.11875 0.471875 0.2375 0.075
53 0.19593742714235846 0.23359375 0.27602681977759874 0.253125
53 0.2234375 0.0796875 0.21875 0.159375
56 0.771875 0.325 0.425 0.36875
56 0.940625 0.384375 0.11875 0.25
54 0.24453125 0.7546875 0.4890625 0.490625
54 0.64296875 0.87890625 0.3078125 0.2421875
54 0.75546875 0.7140625 0.4890625 0.409375