53 0.21171875 0.08203125 0.4234375 0.1640625
53 0.33359375 0.1078125 0.4515625 0.215625
56 0.778125 0.13515625 0.4375 0.2703125
56 0.76328125 0.1375 0.4078125 0.275
56 0.759375 0.0546875 0.4 0.109375
55 0.3078125 0.32421875 0.128125 0.0296875
57 0.43515625 0.4578125 0.2484375 0.296875
57 0.50703125 0.81640625 0.1046875 0.2265625
57 0.4765625 0.57578125 0.165625 0.2484375
57 0.5328125 0.7234375 0.053125 0.190625
56 0.8328125 0.6546875 0.334375 0.690625
56 0.7796875 0.6546875 0.440625 0.690625
56 0.715625 0.678125 0.3125 0.64375