53 0.090625 0.32578125 0.18125 0.2859375
53 0.309375 0.34609375 0.21875 0.2453125
53 0.1296875 0.04375 0.23125 0.0875
53 0.29765625 0.13046875 0.2421875 0.2359375
53 0.0890625 0.1421875 0.178125 0.284375
53 0.1702361401837491 0.28442781043090115 0.2954632117301955 0.2550581126408035
56 0.57578125 0.2828125 0.3140625 0.371875
56 0.67421875 0.165625 0.5109375 0.33125
56 0.2421875 0.70546875 0.353125 0.4734375
56 0.2828125 0.89921875 0.271875 0.2015625
55 0.82578125 0.7765625 0.3484375 0.446875
55 0.87421875 0.6125 0.2515625 0.2875
55 0.56171875 0.5546875 0.2859375 0.171875
55 0.58984375 0.6421875 0.3421875 0.346875