53 0.1546875 0.065625 0.30625 0.13125
53 0.05 0.1640625 0.1 0.25
51 0.94609375 0.08125 0.1078125 0.1625
51 0.76640625 0.1375 0.1890625 0.275
51 0.8296875 0.19609375 0.178125 0.1859375
51 0.63515625 0.25625 0.1484375 0.065625
51 0.61875 0.14375 0.159375 0.2875
53 0.27421875 0.965625 0.2078125 0.06875
53 0.24921875 0.45561727519253975 0.2765625 0.2821296162430347
53 0.090625 0.83046875 0.18125 0.2203125
53 0.0765625 0.96953125 0.14375 0.0609375
53 0.29453125 0.7862773592544154 0.175 0.1986145029334457
53 0.14921875 0.7194460982973658 0.1484375 0.13504131945247622
50 0.709375 0.64453125 0.540625 0.7109375