53 0.33244077001484634 0.24303666534762858 0.3396378686106214 0.3780701418576495
53 0.44609375 0.3796875 0.2234375 0.178125
53 0.19921875 0.39296875 0.2578125 0.1515625
53 0.06875 0.37265625 0.1375 0.1921875
49 0.78984375 0.234375 0.4203125 0.46875
50 0.38828125 0.8484375 0.3421875 0.303125
50 0.2984375 0.74609375 0.521875 0.5078125
50 0.22421875 0.734375 0.4484375 0.53125
50 0.8078125 0.67109375 0.384375 0.4046875
50 0.7796875 0.76953125 0.440625 0.4609375
50 0.7421875 0.87265625 0.365625 0.2546875