53 0.08799738848965229 0.40625 0.15410953780340292 0.1765625
53 0.31640625 0.059375 0.2015625 0.11875
53 0.2984375 0.47109375 0.2 0.0953125
53 0.065625 0.05859375 0.096875 0.1171875
55 0.50546875 0.14296875 0.1328125 0.2859375
55 0.74921875 0.1265625 0.2890625 0.253125
55 0.6015625 0.3984375 0.325 0.240625
55 0.934375 0.16015625 0.13125 0.3203125
55 0.1921875 0.86015625 0.384375 0.2609375
55 0.190625 0.6265625 0.38125 0.215625
55 0.4078125 0.6796875 0.0625 0.321875
56 0.71953125 0.759375 0.5609375 0.48125