53 0.2859375 0.5265625 0.12265625 0.1625
53 0.37734375 0.8 0.14375 0.19296875
53 0.8859375 0.1125 0.0890625 0.14375
53 0.68046875 0.3234375 0.14140625 0.16640625
53 0.5328125 0.48828125 0.1078125 0.175
53 0.434375 0.5265625 0.08359375 0.20546875
53 0.78203125 0.66875 0.08828125 0.11171875
53 0.81875 0.82578125 0.09296875 0.1609375
53 0.534375 0.80078125 0.06796875 0.11796875
53 0.678125 0.66015625 0.103125 0.17578125
53 0.46640625 0.32578125 0.04375 0.10703125
53 0.634375 0.4890625 0.08203125 0.14765625
53 0.7484375 0.47578125 0.05390625 0.13671875
53 0.78671875 0.3171875 0.05625 0.1015625
53 0.72734375 0.19140625 0.08828125 0.0953125
53 0.8671875 0.6125 0.06953125 0.13984375