53 0.03671875 0.0640625 0.0734375 0.128125
53 0.06953125 0.29609375 0.1390625 0.0453125
53 0.2459615115991401 0.27489999112104896 0.13705155933798813 0.08574039406758587
53 0.1661359921026156 0.04312583121402156 0.11505816016782511 0.08264824505632155
53 0.19414074770169298 0.15032632601824147 0.08428175684847723 0.08671303218308672
53 0.31796875 0.15546875 0.0640625 0.0828125
53 0.2586884997762854 0.15876689273020342 0.06470296265733602 0.07446440445914586
53 0.03984375 0.24453125 0.0796875 0.0796875
53 0.4140299630583214 0.1684321977900975 0.12464849295103005 0.20921074505632137
53 0.7101586792401424 0.21976973072948888 0.14439230788809568 0.1826153940675857
50 0.175 0.4984375 0.35 0.359375
50 0.17995984853152996 0.7769109693295226 0.20698739627037793 0.20875155917039337
50 0.72578125 0.8609375 0.5484375 0.278125