53 0.37849259517409733 0.145126466529028 0.2479699469977085 0.2611300090451115
53 0.22421875 0.05625 0.2046875 0.1125
53 0.05703125 0.0421875 0.1140625 0.084375
53 0.140625 0.36875 0.1875 0.1625
56 0.76171875 0.225 0.4453125 0.45
57 0.10211650560267405 0.7447934373575285 0.16530161094166687 0.19593437697836436
57 0.14997473698531305 0.8565431648562912 0.1751130220358334 0.2151756999091429
57 0.0625 0.8796875 0.125 0.175
57 0.1316559223964239 0.6058880676152533 0.13619468597979179 0.15227290818602893
57 0.02734375 0.62109375 0.0546875 0.1671875
57 0.021875 0.7875 0.04375 0.134375