53 0.17109375 0.084375 0.3390625 0.16875
53 0.053125 0.14765625 0.10625 0.1640625
53 0.08671875 0.30546875 0.1734375 0.2078125
53 0.32261549732523537 0.2749785346117298 0.19105060694082052 0.16459085335772627
53 0.41801012479707467 0.21913651993159408 0.14438342055068923 0.10003745735199913
53 0.32592044980690993 0.37814898794559343 0.12127370248167466 0.10445223734881744
50 0.825 0.39453125 0.35 0.0890625
50 0.8625 0.30625 0.275 0.265625
50 0.48359375 0.915625 0.2109375 0.16875
50 0.38671875 0.86484375 0.2890625 0.2703125
50 0.2609375 0.82890625 0.271875 0.3421875
50 0.146875 0.76015625 0.29375 0.3765625
50 0.79453125 0.73671875 0.4109375 0.5265625