53 0.30703125 0.40625 0.2640625 0.325
53 0.06484375 0.43515625 0.1296875 0.3921875
53 0.21328125 0.16953125 0.4265625 0.3390625
53 0.0875 0.20859375 0.175 0.4171875
53 0.6640625 0.46593791406745144 0.1609375 0.17218517735518085
53 0.48828125 0.36171875 0.0984375 0.1515625
53 0.9671875 0.39765625 0.065625 0.2015625
53 0.9359375 0.55859375 0.128125 0.1609375
53 0.52265625 0.5658550033815887 0.10625 0.1309238306810901
53 0.63046875 0.10929701539622436 0.146875 0.16733404535327176
53 0.65 0.2587430320655425 0.1390625 0.14224313868554467
53 0.7421875 0.36137823074472364 0.121875 0.14204314401654478
53 0.8515625 0.5921875 0.11875 0.09375
53 0.95625 0.19453125 0.0875 0.1921875
53 0.75 0.05625 0.153125 0.1125
53 0.85390625 0.0171875 0.1390625 0.034375
54 0.31484375 0.89140625 0.2484375 0.2171875
54 0.29296875 0.734375 0.2890625 0.190625
56 0.503125 0.928125 0.128125 0.14375
56 0.55546875 0.8640625 0.2328125 0.271875
56 0.64921875 0.79609375 0.2296875 0.3140625
56 0.85234375 0.95234375 0.2890625 0.0953125
56 0.80625 0.790625 0.278125 0.303125
56 0.90078125 0.696875 0.1984375 0.115625