54 0.04921875 0.14765625 0.0984375 0.2796875
54 0.23828125 0.33515625 0.2828125 0.1296875
54 0.20056163677811867 0.19059173277415656 0.2747914584337593 0.29787772037968585
55 0.77109375 0.2 0.4578125 0.4
55 0.6125 0.22265625 0.465625 0.3546875
55 0.31484375 0.7984375 0.1296875 0.403125
55 0.14669858146612302 0.8067910998469007 0.23439568739853733 0.36634387749004843
55 0.253125 0.53046875 0.253125 0.2609375
55 0.103125 0.9609375 0.20625 0.078125
53 0.44765625 0.9 0.1359375 0.2
53 0.5795660757661398 0.7884390533834915 0.18685441585911242 0.2880623685927999
53 0.647824402869662 0.7842091512160447 0.14298444753799586 0.21772069368794017
53 0.96953125 0.88984375 0.0609375 0.2203125
53 0.9140625 0.95703125 0.171875 0.0859375
53 0.7125 0.94375 0.15625 0.1125
53 0.8730100731682497 0.8183135316718427 0.14720205397461328 0.23347302768032882
53 0.6603029875147529 0.6507254891627661 0.09122556956195353 0.12368685079830274
53 0.8151161736527825 0.6476853552841081 0.12633254307884992 0.15783635771838506
53 0.96484375 0.61484375 0.0703125 0.1296875