54 0.36796875 0.1609375 0.3953125 0.321875
54 0.11328125 0.17578125 0.2265625 0.3265625
56 0.784375 0.24296875 0.43125 0.1921875
56 0.80625 0.1203125 0.3875 0.240625
53 0.4421875 0.92734375 0.253125 0.1453125
53 0.51015625 0.828125 0.1171875 0.215625
53 0.52109375 0.590625 0.0953125 0.3125
53 0.2931011769240883 0.5720475768875074 0.45072457603827176 0.29719141904016266
53 0.41875 0.36328125 0.3 0.0484375
53 0.17578125 0.76953125 0.3515625 0.2359375
55 0.7671875 0.475 0.396875 0.271875
55 0.925 0.5546875 0.15 0.43125
55 0.68515625 0.7796875 0.2328125 0.440625