54 0.04375 0.175 0.0875 0.35
54 0.209375 0.14453125 0.41875 0.2890625
54 0.17890625 0.39375 0.3578125 0.35
54 0.3875 0.34453125 0.0625 0.2890625
54 0.7102135001568837 0.19689569786821828 0.28623309839424216 0.2657599120893325
56 0.07421875 0.86328125 0.1484375 0.2734375
53 0.88828125 0.96015625 0.2234375 0.0796875
53 0.5328125 0.84765625 0.228125 0.3046875
53 0.7864243491694344 0.7753093969730542 0.3000347825396833 0.2868734484865271
53 0.92265625 0.70546875 0.1546875 0.2703125
53 0.809375 0.6515625 0.30625 0.165625
53 0.6109375 0.6921875 0.26875 0.246875