54 0.11953125 0.471875 0.15703125 0.27578125
54 0.53359375 0.50625 0.14765625 0.22890625
54 0.43984375 0.871875 0.146875 0.25
54 0.25703125 0.45390625 0.1203125 0.28359375
54 0.325 0.2109375 0.1296875 0.2078125
54 0.609375 0.26953125 0.1375 0.21796875
54 0.29453125 0.7546875 0.12265625 0.271875
54 0.39453125 0.45625 0.10546875 0.23515625
54 0.578125 0.746875 0.1265625 0.21640625
54 0.67265625 0.534375 0.1140625 0.24140625
54 0.809375 0.4296875 0.134375 0.24453125
54 0.709375 0.75703125 0.12421875 0.1875
54 0.47734375 0.2359375 0.1125 0.25625
54 0.871875 0.68984375 0.1015625 0.25
54 0.94609375 0.47265625 0.1078125 0.2078125
54 0.9078125 0.23046875 0.1421875 0.21015625
54 0.7609375 0.19140625 0.1421875 0.1953125