54 0.4433982273091678 0.22681747046671513 0.17769394006676506 0.1682950266221214
54 0.08614539836636478 0.17657503036648842 0.15472156068105364 0.17079454201316152
54 0.07578125 0.0390625 0.1515625 0.078125
55 0.8765625 0.26015625 0.246875 0.5203125
55 0.85 0.43046875 0.3 0.2578125
53 0.23125 0.88828125 0.365625 0.2234375
53 0.53046875 0.825 0.3390625 0.221875
53 0.13085095208771363 0.6707020172632236 0.20234756580012636 0.21394127994988654
53 0.35061587898288754 0.7492597680954174 0.2890723647763117 0.21429725582333656
53 0.47578125 0.93203125 0.2453125 0.1359375
53 0.05859375 0.81328125 0.1171875 0.2109375
55 0.8 0.70234375 0.2 0.2859375
55 0.7546875 0.8296875 0.109375 0.340625