54 0.86484375 0.37109375 0.08984375 0.16640625
54 0.7640625 0.5390625 0.0921875 0.2171875
54 0.84921875 0.64296875 0.071875 0.22890625
54 0.93359375 0.78203125 0.0734375 0.16640625
54 0.61875 0.671875 0.071875 0.18046875
54 0.45625 0.49453125 0.0859375 0.1953125
54 0.20234375 0.6375 0.065625 0.115625
54 0.3828125 0.60625 0.06796875 0.15625
54 0.7125 0.3421875 0.0828125 0.1515625
54 0.55078125 0.334375 0.07421875 0.1796875
54 0.234375 0.51015625 0.065625 0.13515625
54 0.35078125 0.37734375 0.07421875 0.11171875