54 0.30859375 0.390625 0.1609375 0.096875
54 0.309375 0.05234375 0.159375 0.1046875
54 0.06015625 0.1140625 0.1203125 0.171875
54 0.31875 0.296875 0.140625 0.15
54 0.121875 0.259375 0.24375 0.153125
54 0.3328125 0.159375 0.1125 0.13125
54 0.115625 0.025 0.23125 0.05
56 0.9015625 0.396875 0.15 0.084375
56 0.771875 0.36015625 0.18125 0.1578125
56 0.6234375 0.3359375 0.146875 0.20625
56 0.47109375 0.3375 0.1640625 0.203125
56 0.603125 0.12734375 0.428125 0.1734375
55 0.26328125 0.7046875 0.2515625 0.53125
54 0.6203125 0.853125 0.4625 0.29375
54 0.75546875 0.5859375 0.3359375 0.29375
54 0.921875 0.83828125 0.15625 0.2828125