54 0.25 0.0765625 0.5 0.153125
56 0.8953125 0.10625 0.209375 0.2125
54 0.38984375 0.640625 0.2203125 0.203125
54 0.0875 0.63984375 0.175 0.2078125
54 0.36953125 0.42109375 0.2609375 0.0640625
54 0.13125 0.4765625 0.2625 0.175
54 0.3984375 0.49296875 0.203125 0.1640625
54 0.19021734940706775 0.7434945818382623 0.245584057737216 0.17936679451244936
54 0.39296875 0.78203125 0.2140625 0.1734375
54 0.45859375 0.8890625 0.0828125 0.19375
54 0.2127055413875031 0.8738800318523797 0.21700403142885677 0.1699161998023559
54 0.3171875 0.96640625 0.271875 0.0671875
54 0.64375 0.78984375 0.2875 0.4203125
54 0.65390625 0.4859375 0.3078125 0.19375