54 0.3546875 0.45078125 0.309375 0.1765625
54 0.1359375 0.40390625 0.271875 0.2703125
54 0.38125 0.18515625 0.25625 0.2921875
54 0.14140625 0.1453125 0.2828125 0.290625
56 0.74453125 0.496875 0.3015625 0.084375
56 0.801177481909777 0.34468084902377 0.18258228516439345 0.29666826866768653
56 0.92265625 0.39453125 0.1546875 0.1796875
56 0.96953125 0.184375 0.0609375 0.1
55 0.0484375 0.8828125 0.096875 0.234375
55 0.2890625 0.896875 0.225 0.20625
55 0.2625 0.6015625 0.221875 0.125
55 0.0875 0.58515625 0.175 0.0921875
55 0.7546875 0.596875 0.490625 0.115625
55 0.83359375 0.84296875 0.3328125 0.3140625