54 0.2578125 0.359375 0.221875 0.459375
54 0.0578125 0.4296875 0.115625 0.31875
54 0.1875 0.53203125 0.3625 0.1140625
54 0.140625 0.18125 0.28125 0.3625
54 0.78203125 0.12734375 0.2421875 0.2546875
54 0.94140625 0.26796875 0.1171875 0.3171875
54 0.83203125 0.46640625 0.2171875 0.2453125
54 0.6064987558969563 0.3088367643431523 0.2289873629141832 0.26372522721932723
54 0.8840237873964003 0.21572164828641788 0.2072033681758551 0.26452383538669527
54 0.67109375 0.0875 0.2171875 0.175
54 0.5015625 0.11328125 0.2375 0.2265625
54 0.7086157217666764 0.3894741507334887 0.2225399418392609 0.28688990870767306
54 0.4328125 0.05703125 0.128125 0.1140625
54 0.40234375 0.23125 0.0671875 0.253125
54 0.4578125 0.3234375 0.178125 0.24375
55 0.59921875 0.78984375 0.4609375 0.4015625
55 0.6421875 0.640625 0.546875 0.103125