54 0.21640625 0.33203125 0.4328125 0.5734375
54 0.103125 0.05078125 0.20625 0.1015625
54 0.58359375 0.0984375 0.1890625 0.196875
54 0.8414741358465871 0.3786801910048336 0.17772008045771698 0.20678486758448217
54 0.6854862158001008 0.3190981053513366 0.1901872294689813 0.22942469209011432
54 0.7256023894528834 0.09344789532809346 0.15155106436617355 0.1660834579295562
54 0.48671875 0.55390625 0.0953125 0.1296875
54 0.55390625 0.4984375 0.1734375 0.240625
54 0.29765625 0.978125 0.1515625 0.04375
54 0.1078125 0.95234375 0.153125 0.0953125
55 0.65 0.88828125 0.421875 0.2234375
55 0.86875 0.809375 0.2625 0.38125
55 0.5125 0.76171875 0.146875 0.2859375