54 0.18125 0.18515625 0.2625 0.2890625
54 0.06484375 0.05 0.1296875 0.1
54 0.29140625 0.05234375 0.1953125 0.1046875
54 0.0375 0.1953125 0.075 0.26875
56 0.69453125 0.16484375 0.6109375 0.3296875
55 0.18267737490628438 0.5908287228646654 0.3187214709334031 0.41777615671569085
55 0.2296875 0.896875 0.234375 0.20625
55 0.0625 0.83203125 0.125 0.2765625
55 0.125 0.42109375 0.221875 0.1828125
55 0.2984375 0.671875 0.18125 0.384375
54 0.61328125 0.54296875 0.4484375 0.4265625
54 0.8796875 0.4703125 0.240625 0.28125