54 0.3046875 0.121875 0.15 0.24375
54 0.23984375 0.33125 0.2796875 0.1375
55 0.73203125 0.1328125 0.3765625 0.265625
55 0.5276248860975964 0.23983868393961308 0.2870574681476203 0.28907263212077383
57 0.03125 0.68359375 0.0625 0.1484375
57 0.0640625 0.96015625 0.128125 0.0796875
57 0.05390625 0.871875 0.1078125 0.140625
57 0.17044463374910918 0.8638518590986275 0.17150952090551302 0.15563289734428026
57 0.16124539704446308 0.7193251542781672 0.1866794945971538 0.14791130093507654
57 0.0546875 0.59296875 0.109375 0.1140625
57 0.18438051820408993 0.6066524374556546 0.1560063472703419 0.10399767447164336
57 0.078125 0.4921875 0.15625 0.125
56 0.68984375 0.7 0.6203125 0.6