54 0.11455599278740754 0.2758251037296221 0.19872099530842302 0.1969020012493999
54 0.271875 0.01171875 0.128125 0.0234375
54 0.04609375 0.47421875 0.0921875 0.1296875
55 0.7411131389486803 0.23750242924014237 0.27765437848024543 0.258835161417225
55 0.803125 0.084375 0.253125 0.16875
55 0.90078125 0.32578125 0.1984375 0.2484375
55 0.7881091992043544 0.49893591409329546 0.287346452733776 0.1974007539486923
55 0.94140625 0.0734375 0.1171875 0.146875
54 0.2515625 0.809375 0.415625 0.38125
54 0.159375 0.67421875 0.31875 0.1109375
54 0.07890625 0.82578125 0.1578125 0.3484375
54 0.48046875 0.85703125 0.0421875 0.1484375
54 0.975 0.88046875 0.05 0.1578125
54 0.5704060631056658 0.7258106804895423 0.14918018119435103 0.11077432448483507
54 0.54375 0.9765625 0.146875 0.046875