54 0.2164118329401478 0.09607782013515767 0.2601963596572391 0.16858866971559472
54 0.36328125 0.0234375 0.1921875 0.046875
54 0.40078125 0.40546875 0.1171875 0.2046875
54 0.2648526827042364 0.40908822822839036 0.19800644006676507 0.16697770290907385
54 0.0359375 0.20390625 0.071875 0.1359375
54 0.10859375 0.45859375 0.1890625 0.1203125
54 0.38125 0.23046875 0.15625 0.1453125
54 0.10323453212333016 0.3244261178507838 0.1655282163810326 0.13660311867597627
54 0.365625 0.50078125 0.1875 0.0359375
56 0.60390625 0.14765625 0.2890625 0.2953125
54 0.2296875 0.678125 0.459375 0.31875
54 0.11328125 0.884375 0.2265625 0.23125
55 0.86171875 0.8203125 0.2765625 0.359375