54 0.3625 0.0671875 0.134375 0.134375
54 0.16484375 0.04296875 0.1015625 0.0859375
53 0.9375 0.178125 0.125 0.35625
53 0.81171875 0.509375 0.3390625 0.21875
53 0.62734375 0.13984375 0.3953125 0.2796875
53 0.58984375 0.41796875 0.3203125 0.4015625
57 0.27109375 0.64765625 0.1921875 0.0578125
57 0.24265866744050965 0.773794719499597 0.20417097220510563 0.24711808057737175
57 0.38828125 0.85 0.0828125 0.23125
57 0.08046875 0.7703125 0.1609375 0.259375
56 0.64609375 0.7125 0.4328125 0.1875
56 0.74375 0.8828125 0.5125 0.234375