54 0.3234375 0.11328125 0.440625 0.2265625
54 0.46171875 0.3734375 0.4140625 0.365625
54 0.453125 0.5234375 0.43125 0.071875
54 0.18671875 0.47578125 0.2609375 0.1671875
54 0.1127539601139381 0.2761235454602888 0.15732519454068408 0.2104781619159093
55 0.921875 0.28203125 0.15625 0.1359375
56 0.3640625 0.91875 0.35625 0.1625
56 0.1140625 0.634375 0.228125 0.15
56 0.3193426782615584 0.7829993342566599 0.3429896787556686 0.2112008906040085
53 0.834375 0.70390625 0.33125 0.2890625
53 0.7828125 0.94609375 0.228125 0.1078125