54 0.32265625 0.29453125 0.3140625 0.4203125
54 0.0890625 0.48671875 0.178125 0.2265625
54 0.3 0.54609375 0.25 0.1078125
54 0.44921875 0.53515625 0.0609375 0.1296875
54 0.3671875 0.04453125 0.225 0.0890625
54 0.0921875 0.22890625 0.184375 0.2796875
55 0.73984375 0.1328125 0.5203125 0.190625
55 0.75078125 0.27109375 0.4984375 0.1609375
54 0.1078125 0.7578125 0.215625 0.21875
54 0.28970140991629406 0.8261916387739927 0.1861628260824803 0.2493129350298613
55 0.88046875 0.88828125 0.2390625 0.2234375
55 0.76953125 0.68515625 0.4578125 0.1703125