54 0.325 0.36875 0.1875 0.0625
54 0.33203125 0.05859375 0.1734375 0.1171875
54 0.3328125 0.28515625 0.171875 0.1921875
55 0.83203125 0.14609375 0.3359375 0.2765625
55 0.83359375 0.3046875 0.2796875 0.190625
55 0.90859375 0.24140625 0.1828125 0.1296875
55 0.92109375 0.0984375 0.1578125 0.196875
54 0.334375 0.696875 0.16875 0.44375
54 0.2265625 0.9203125 0.34375 0.159375
54 0.18359375 0.49140625 0.3671875 0.1828125
54 0.075 0.6171875 0.15 0.25
53 0.81171875 0.50625 0.3765625 0.2125
53 0.69609375 0.54921875 0.4265625 0.2984375
53 0.61171875 0.7390625 0.3859375 0.425
53 0.8640625 0.840625 0.271875 0.31875
53 0.69765625 0.97421875 0.3859375 0.0515625