54 0.28984375 0.0875 0.3578125 0.175
53 0.884375 0.1484375 0.23125 0.296875
57 0.77578125 0.18203125 0.2546875 0.3640625
53 0.55234375 0.253125 0.1671875 0.221875
53 0.18432704425987553 0.7232877696625483 0.35422402991878954 0.1491100675636126
53 0.1640625 0.48125 0.328125 0.225
53 0.01875 0.85234375 0.0375 0.1640625
53 0.50390625 0.43984375 0.0703125 0.1421875
53 0.8171875 0.85703125 0.365625 0.2859375
57 0.64140625 0.878125 0.2546875 0.24375
53 0.6712262669619796 0.5152071820406761 0.17014702344038463 0.2700804824490227