54 0.3234375 0.3890625 0.453125 0.18125
54 0.36015625 0.19609375 0.3796875 0.3921875
54 0.184375 0.3015625 0.36875 0.35625
54 0.14609375 0.0890625 0.2921875 0.178125
55 0.76171875 0.23984375 0.4234375 0.4796875
55 0.94609375 0.19609375 0.1078125 0.3921875
53 0.49453125 0.878125 0.1109375 0.24375
53 0.37734375 0.59453125 0.2265625 0.2296875
53 0.29375 0.50625 0.259375 0.053125
53 0.40703125 0.9328125 0.2453125 0.134375
53 0.1515625 0.8390625 0.303125 0.321875
53 0.13238096069020583 0.6381881073991196 0.20808685482510808 0.1871267275213885
53 0.40013333527410894 0.7755191779460171 0.16887848918451082 0.18214670160240704
54 0.5828125 0.78203125 0.065625 0.2609375
54 0.7 0.90390625 0.3 0.1921875
54 0.9375 0.62890625 0.125 0.2984375