54 0.1796875 0.19375 0.359375 0.3875
54 0.3078125 0.2 0.103125 0.4
54 0.58046875 0.2 0.4421875 0.4
54 0.83046875 0.1453125 0.3390625 0.290625
56 0.12421875 0.7796875 0.2484375 0.428125
56 0.20390625 0.67578125 0.3109375 0.5515625
56 0.24296875 0.89609375 0.2328125 0.2078125
57 0.94921875 0.4953125 0.1015625 0.190625
57 0.8484375 0.4734375 0.215625 0.146875
57 0.8525522074831022 0.5707709003738308 0.22829014192396543 0.2109003240430276
57 0.97421875 0.61171875 0.0515625 0.2171875
57 0.93671875 0.72421875 0.1265625 0.2328125
57 0.66328125 0.48671875 0.2265625 0.1734375
57 0.8435852731128259 0.736989262686663 0.1670040314288567 0.17254492970032942
57 0.92890625 0.86953125 0.1421875 0.1578125
57 0.97421875 0.828125 0.0515625 0.178125