54 0.03828125 0.19453125 0.0765625 0.3890625
54 0.125 0.19453125 0.25 0.3890625
53 0.68125 0.05859375 0.353125 0.1171875
53 0.63046875 0.11875 0.2859375 0.2375
56 0.14609375 0.6640625 0.2078125 0.346875
54 0.478125 0.85859375 0.440625 0.2828125
54 0.33671875 0.76015625 0.1734375 0.3859375
54 0.67734375 0.44609375 0.3578125 0.1140625
54 0.8453125 0.57421875 0.309375 0.3703125
54 0.5867966155676698 0.5832930752583992 0.36658547452530266 0.34859100092285067
54 0.3734375 0.51796875 0.246875 0.2578125
54 0.809375 0.86484375 0.38125 0.2703125