54 0.06953125 0.40703125 0.1390625 0.0859375
54 0.1046875 0.1515625 0.18125 0.303125
54 0.38984375 0.121875 0.0984375 0.24375
54 0.25592054251753404 0.2681747437189392 0.1812788464801594 0.3002070856534971
53 0.3703125 0.93046875 0.1375 0.1390625
53 0.3734375 0.8015625 0.13125 0.10625
53 0.35323601824712475 0.70543870500269 0.12921574855010717 0.10539733020561534
53 0.1674868497809298 0.7521394703379287 0.14832094606059662 0.11139595792955621
53 0.0390625 0.78359375 0.078125 0.1140625
53 0.21209172260609108 0.609176074176656 0.16839664772027058 0.10969134629715871
53 0.4078125 0.62265625 0.0625 0.1359375
53 0.2453125 0.49140625 0.15625 0.0828125
53 0.646875 0.86953125 0.265625 0.2609375
53 0.6809349657576138 0.6874431858090534 0.23300452199532434 0.1623900113999664