54 0.1078125 0.08203125 0.215625 0.1640625
54 0.340625 0.18203125 0.01875 0.2046875
54 0.26796875 0.11328125 0.1640625 0.2046875
54 0.2765625 0.37578125 0.146875 0.1984375
55 0.8421875 0.3171875 0.315625 0.34375
55 0.57109375 0.24453125 0.4421875 0.4890625
56 0.175 0.74453125 0.35 0.5109375
56 0.175 0.7 0.35 0.421875
56 0.175 0.590625 0.35 0.203125
53 0.3765625 0.9109375 0.053125 0.109375
53 0.62734375 0.94765625 0.1859375 0.1046875
53 0.7166369508104575 0.8296875 0.20438494355406336 0.1703125
53 0.9046875 0.82578125 0.190625 0.1765625
53 0.925 0.959375 0.14375 0.08125
53 0.5528472693221117 0.8375 0.17791172359113022 0.128125