54 0.1390625 0.14375 0.278125 0.2875
54 0.35859375 0.303125 0.3015625 0.071875
54 0.41640625 0.159375 0.3421875 0.31875
55 0.79609375 0.24453125 0.3140625 0.1890625
55 0.52421875 0.88125 0.2296875 0.2375
55 0.2125 0.85234375 0.425 0.2953125
55 0.275 0.54296875 0.55 0.4078125
55 0.3234375 0.73046875 0.63125 0.2859375
55 0.5046875 0.6671875 0.26875 0.228125
53 0.9515625 0.80625 0.096875 0.184375
53 0.9625 0.37578125 0.075 0.0734375
53 0.79609375 0.37265625 0.1703125 0.0671875
53 0.6796875 0.7 0.08125 0.125
53 0.95234375 0.46875 0.0953125 0.146875
53 0.7560565103523267 0.4669884677194438 0.22042421561506947 0.1580639441095366