54 0.2046875 0.20546875 0.409375 0.4078125
57 0.38671875 0.66953125 0.0453125 0.2328125
57 0.3390625 0.50234375 0.140625 0.1796875
57 0.2405605788480914 0.5652564041119809 0.1380158990890262 0.20446384364130096
57 0.3421875 0.7609375 0.134375 0.20625
57 0.20589294608595204 0.7548451915346657 0.1601637176006804 0.21406198424818434
57 0.20390625 0.4328125 0.1578125 0.046875
57 0.09328876396463412 0.6311370113790655 0.12936509618646852 0.1352036606107628
57 0.04921875 0.76875 0.0984375 0.13125
57 0.14881954526764538 0.838215929865736 0.1210268065307547 0.16412588606495565
57 0.16328125 0.9421875 0.1296875 0.115625
56 0.8046875 0.4703125 0.390625 0.121875
56 0.88359375 0.70234375 0.2328125 0.4578125
56 0.6712228241235859 0.8390449772903606 0.257529790921658 0.23603232122152562
56 0.5812525554344464 0.6050050750145475 0.2060764183263199 0.2349483112195859