54 0.5062977412574918 0.09823505044409711 0.21959555556198113 0.11995901775758924
54 0.60703125 0.1515625 0.1234375 0.096875
54 0.325 0.0421875 0.2 0.084375
54 0.5816770596171545 0.3149549178323439 0.15243225146672296 0.08833631303532474
54 0.421748437536143 0.22189019818116087 0.1327399122857745 0.0944681383672897
57 0.834375 0.26484375 0.33125 0.5296875
53 0.40234375 0.75546875 0.5328125 0.4515625
53 0.125 0.76171875 0.25 0.4640625
53 0.5140625 0.953125 0.309375 0.09375
55 0.8609375 0.8890625 0.278125 0.221875
55 0.765625 0.6453125 0.19375 0.23125
55 0.7421875 0.9109375 0.146875 0.178125