54 0.16953125 0.8796875 0.165625 0.20390625
54 0.209375 0.62890625 0.153125 0.2625
54 0.51640625 0.43359375 0.134375 0.2359375
54 0.4 0.2203125 0.1609375 0.19375
54 0.090625 0.38359375 0.16796875 0.22421875
54 0.11640625 0.16328125 0.11953125 0.20234375
54 0.25546875 0.16015625 0.09453125 0.18125
54 0.25390625 0.3828125 0.12109375 0.2234375
54 0.43671875 0.8421875 0.10859375 0.24140625
54 0.36328125 0.584375 0.13046875 0.2234375
54 0.78359375 0.74140625 0.16953125 0.2359375
54 0.6609375 0.8640625 0.13359375 0.2171875
54 0.8171875 0.53359375 0.13984375 0.1734375
54 0.659375 0.2078125 0.109375 0.1875
54 0.9015625 0.39140625 0.1203125 0.16953125
54 0.62421875 0.62578125 0.12578125 0.1484375
54 0.86328125 0.21328125 0.0953125 0.178125
54 0.75625 0.15625 0.08046875 0.209375
54 0.75703125 0.3609375 0.115625 0.1453125
54 0.94375 0.6765625 0.1125 0.20625