54 0.24765625 0.17421875 0.4953125 0.3484375
56 0.83515625 0.2546875 0.3296875 0.509375
53 0.34921875 0.5625 0.1296875 0.10625
53 0.20277347340929203 0.7238460879095404 0.21903696828879457 0.14765754448624283
53 0.43046875 0.9265625 0.1578125 0.146875
53 0.47421875 0.61328125 0.1109375 0.1046875
53 0.29537122611071515 0.6464612341454882 0.13394933674699844 0.10522069368794007
53 0.16926448144297418 0.5787710098486507 0.15811487884037306 0.11867569863085592
53 0.134375 0.51796875 0.128125 0.0171875
53 0.42085634449833176 0.6765877914461311 0.10693181043863902 0.09632585475263547
55 0.76484375 0.74453125 0.4703125 0.4703125