54 0.28984375 0.209375 0.3578125 0.41875
54 0.528125 0.29921875 0.11875 0.2390625
54 0.6339265349067388 0.21431378236111803 0.13220336817585512 0.2701294025701966
54 0.7759397296591842 0.2156934112254783 0.14353571032569973 0.2247324308786201
54 0.94609375 0.19921875 0.1078125 0.2515625
54 0.83984375 0.06015625 0.1265625 0.1203125
54 0.52109375 0.1296875 0.1046875 0.11875
56 0.159375 0.61796875 0.31875 0.3984375
56 0.3691044426863071 0.588861435684651 0.12566494183926089 0.2911832757321832
55 0.66484375 0.9015625 0.3546875 0.196875
55 0.6265625 0.59609375 0.315625 0.3546875
55 0.88203125 0.5375 0.2234375 0.2375
55 0.9015625 0.8140625 0.196875 0.334375