54 0.121875 0.3390625 0.24375 0.321875
54 0.54609375 0.2984375 0.3671875 0.403125
54 0.40546875 0.46484375 0.3140625 0.0703125
54 0.3116073675670357 0.17250254881102442 0.30294722235685223 0.27426591233587005
56 0.89921875 0.16796875 0.2015625 0.3359375
56 0.4585685977953721 0.72387905425332 0.464012056349241 0.2830109736759482
56 0.39209206912646016 0.8576885698624167 0.4588788873758801 0.27190978256895554
56 0.31015625 0.921875 0.5390625 0.15625
56 0.8140625 0.81875 0.16875 0.3625
56 0.8921875 0.91484375 0.215625 0.1703125
56 0.9078125 0.7328125 0.184375 0.228125