55 0.18671875 0.31328125 0.3734375 0.2921875
55 0.31796875 0.1609375 0.3421875 0.321875
55 0.3953125 0.284375 0.1875 0.35
54 0.58828125 0.36875 0.1984375 0.18125
54 0.60703125 0.26484375 0.2359375 0.2234375
54 0.9046875 0.28984375 0.190625 0.2390625
54 0.68984375 0.1078125 0.2828125 0.215625
54 0.7265625 0.0234375 0.19375 0.046875
54 0.7590624821198183 0.29164410391130036 0.15767141066226814 0.16427494120271574
56 0.3234375 0.6453125 0.33125 0.371875
56 0.22362010946249863 0.8457284955889859 0.3427858597251959 0.3065863511977668
55 0.6266280668386968 0.732387533355371 0.24630801332783517 0.20792312188998174
55 0.7859375 0.603125 0.36875 0.2875
55 0.78828125 0.57734375 0.4234375 0.2359375
55 0.965625 0.865625 0.06875 0.19375
55 0.8523494808661771 0.7731674208491851 0.1747225183424 0.1604881999091429
55 0.9171875 0.89375 0.165625 0.146875
55 0.792976829375109 0.8506472896869491 0.14448944906292782 0.1401823439616777
55 0.88515625 0.94765625 0.1390625 0.1046875