55 0.4796875 0.03984375 0.178125 0.0796875
55 0.2929434585538687 0.24736379586691087 0.4407655573378241 0.2743748487468949
55 0.51484375 0.228125 0.1078125 0.2
55 0.53359375 0.10234375 0.0703125 0.1984375
55 0.3765625 0.09765625 0.2875 0.1953125
55 0.3794420326604258 0.20310019057891254 0.1957820266917457 0.12767152380771343
55 0.3359188202265864 0.38152062724900004 0.330979380455798 0.2253101139704011
55 0.29609375 0.44375 0.3390625 0.1125
54 0.61953125 0.14296875 0.1015625 0.2859375
54 0.66640625 0.3828125 0.1953125 0.234375
54 0.784375 0.7015625 0.43125 0.403125
54 0.703125 0.8734375 0.26875 0.253125