55 0.428125 0.41796875 0.15625 0.0828125
55 0.40625 0.12890625 0.325 0.1796875
55 0.23927596407540563 0.2961773518741442 0.17694540268936257 0.17227947994174037
55 0.2609375 0.40390625 0.20625 0.1109375
55 0.45390625 0.3125 0.2296875 0.16875
55 0.4118316693984515 0.2153495860390265 0.1915704293443632 0.08679662100796719
55 0.35703125 0.05859375 0.3171875 0.1171875
54 0.7421875 0.17734375 0.346875 0.2671875
54 0.728125 0.39609375 0.31875 0.1265625
54 0.9578125 0.28125 0.084375 0.20625
53 0.465625 0.5125 0.159375 0.10625
53 0.31640625 0.5171875 0.1609375 0.115625
54 0.6515625 0.978125 0.165625 0.04375
54 0.63984375 0.4953125 0.1421875 0.071875
54 0.6902742953930427 0.7547112659016246 0.19026246801399935 0.10862615690134447
54 0.65234375 0.9796875 0.1671875 0.040625