55 0.1375 0.2388687707974277 0.2265625 0.18579421444818678
55 0.090625 0.4203125 0.18125 0.1375
55 0.35390625 0.38515625 0.1109375 0.1953125
55 0.321875 0.23203125 0.175 0.1671875
55 0.28359375 0.4515625 0.2296875 0.115625
55 0.14609375 0.09937518927649687 0.2109375 0.16484504448624288
55 0.9015625 0.2578125 0.196875 0.503125
55 0.7359375 0.2546875 0.346875 0.509375
55 0.590625 0.3390625 0.3625 0.340625
57 0.3734375 0.8578125 0.071875 0.134375
57 0.2953125 0.7900426571475437 0.13125 0.11316052768032883
57 0.3671875 0.69765625 0.084375 0.1015625
54 0.64140625 0.9484375 0.1734375 0.103125
54 0.584375 0.8152800790866539 0.153125 0.1062393656270502
54 0.6125 0.735957335018153 0.140625 0.10260502965749527
54 0.59609375 0.6556013315581118 0.1671875 0.10993736859279987
54 0.98125 0.665625 0.0375 0.10625