55 0.1 0.1859375 0.2 0.3125
55 0.14703096675617058 0.3521515667730906 0.29195728516439345 0.3001870636389585
55 0.31015625 0.0703125 0.2078125 0.140625
55 0.6296875 0.44296875 0.159375 0.1859375
55 0.48203125 0.0625 0.2578125 0.125
54 0.8546875 0.3046875 0.290625 0.609375
54 0.89921875 0.23671875 0.2015625 0.4734375
56 0.10234375 0.8734375 0.2046875 0.253125
56 0.4953125 0.89296875 0.284375 0.2140625
56 0.2125 0.8421875 0.26875 0.315625
55 0.8546875 0.94140625 0.290625 0.1171875
55 0.7640625 0.8046875 0.109375 0.390625
55 0.92421875 0.80078125 0.1515625 0.3828125
55 0.8546875 0.7796875 0.290625 0.340625