55 0.0453125 0.38125 0.090625 0.2125
55 0.08046875 0.19765625 0.1609375 0.1765625
55 0.20157629857881218 0.14586956797821102 0.22012843460686646 0.2042911998023559
56 0.6234375 0.14453125 0.16875 0.2890625
54 0.26953125 0.79453125 0.5390625 0.4109375
54 0.3578125 0.925 0.3625 0.15
54 0.6375 0.90625 0.196875 0.165625
54 0.5578125 0.7125 0.0375 0.171875
54 0.815625 0.9765625 0.15 0.046875
54 0.9109375 0.60703125 0.171875 0.0359375
54 0.7515121491325226 0.7257706286286116 0.1515601048726471 0.13024748407381015