56 0.82265625 0.1171875 0.3546875 0.234375
56 0.70390625 0.06796875 0.4109375 0.1359375
56 0.63984375 0.19453125 0.4203125 0.3890625
55 0.12734375 0.80390625 0.2546875 0.3921875
55 0.2143651226801563 0.673673056243525 0.3639484604291042 0.371061786598818
55 0.3296875 0.76796875 0.2 0.3515625
53 0.91796875 0.83203125 0.1640625 0.3359375
53 0.5769990758528664 0.7610916654253155 0.2882044159640671 0.39093333085063087
53 0.8921875 0.459375 0.215625 0.140625
53 0.625 0.51875 0.221875 0.259375
53 0.75703125 0.89453125 0.2390625 0.2109375
53 0.7745561221320022 0.7897925159206535 0.1726984339354165 0.16559938296032684