55 0.50234375 0.62890625 0.5015625 0.0796875
55 0.5421875 0.334375 0.49375 0.66875
57 0.22890625 0.90390625 0.2734375 0.1921875
57 0.48828125 0.92578125 0.2734375 0.1484375
57 0.0671875 0.9703125 0.134375 0.059375
57 0.6453125 0.7140625 0.228125 0.090625
57 0.61452943771926 0.7921031614417223 0.21137253460041094 0.16644425469445334
57 0.4296875 0.725 0.2125 0.1125
57 0.32448009927824695 0.812958364735815 0.2397866946765234 0.13553970003181667
57 0.08026984285245628 0.8405999173694984 0.14912720258518863 0.1719670013526354
54 0.959375 0.859375 0.08125 0.153125
54 0.8940379352106211 0.9213072140754056 0.14909802768032882 0.13292268268618096