55 0.3296875 0.278125 0.659375 0.203125
55 0.61484375 0.29921875 0.0890625 0.1609375
55 0.3296875 0.159375 0.659375 0.31875
54 0.7546875 0.18984375 0.190625 0.3203125
54 0.98203125 0.13671875 0.0359375 0.2734375
53 0.55078125 0.7515625 0.2171875 0.328125
53 0.5671875 0.90703125 0.184375 0.1859375
53 0.24074281516078017 0.8192430596460538 0.3864399431608116 0.30590563684308486
53 0.4859375 0.43203125 0.346875 0.1046875
53 0.57421875 0.53203125 0.1703125 0.2828125
53 0.1858623705500761 0.6196462249271754 0.33170397635429055 0.24195078543115897
53 0.8296875 0.69921875 0.340625 0.6015625
53 0.8296875 0.4796875 0.340625 0.2