55 0.1464636696193886 0.4139341359802737 0.27034656068105367 0.16077605736790765
55 0.26015625 0.034375 0.3015625 0.06875
55 0.47265625 0.24296875 0.1328125 0.1890625
55 0.08046875 0.59921875 0.1296875 0.0609375
55 0.2129788011907269 0.27237279730268327 0.1980306359715068 0.1240385786919079
55 0.39553836077896704 0.4962904606142751 0.2559981761762698 0.1262737880330894
55 0.1562114729668281 0.13381028397518296 0.15503164109057951 0.1625556386855446
56 0.76953125 0.09453125 0.4609375 0.1890625
56 0.68828125 0.38984375 0.2984375 0.4265625
54 0.0515625 0.81484375 0.103125 0.3703125
54 0.371875 0.71953125 0.334375 0.1796875
54 0.37421875 0.98046875 0.3296875 0.0390625