55 0.28828125 0.18984375 0.4234375 0.3796875
55 0.409375 0.18984375 0.18125 0.3796875
55 0.1234375 0.29921875 0.246875 0.1609375
55 0.775 0.1453125 0.45 0.290625
55 0.71484375 0.309375 0.3484375 0.140625
55 0.884375 0.321875 0.23125 0.115625
57 0.08359375 0.86015625 0.1671875 0.2796875
57 0.1984375 0.4125 0.3 0.065625
57 0.29921875 0.66953125 0.4015625 0.5453125
57 0.20390625 0.8921875 0.3140625 0.215625
57 0.37265625 0.453125 0.2546875 0.146875
55 0.909375 0.61875 0.18125 0.29375
55 0.85 0.8171875 0.3 0.278125
55 0.81640625 0.93359375 0.3671875 0.1328125