55 0.209375 0.07421875 0.41875 0.1484375
55 0.1671875 0.21875 0.334375 0.321875
55 0.209375 0.1734375 0.41875 0.346875
55 0.2734375 0.2875 0.290625 0.184375
55 0.78984375 0.05 0.2828125 0.1
55 0.7291912012211668 0.14719541164953295 0.29538818169855424 0.26957814485894727
55 0.68125 0.30859375 0.26875 0.1421875
57 0.32109375 0.61796875 0.1953125 0.2234375
57 0.34453125 0.7453125 0.1484375 0.15625
57 0.35390625 0.46640625 0.1296875 0.1546875
54 0.709375 0.546875 0.58125 0.334375
54 0.709375 0.73203125 0.58125 0.5359375