55 0.3296875 0.24453125 0.359375 0.4890625
55 0.18515625 0.353125 0.3359375 0.271875
57 0.8234375 0.27578125 0.353125 0.4265625
57 0.90546875 0.0875 0.1890625 0.175
53 0.13515625 0.9515625 0.2453125 0.096875
53 0.391389602780971 0.8974802432765936 0.21892353166842557 0.20078289202736244
53 0.32017154778546225 0.6644773866168204 0.21921605758740698 0.23980902936027154
53 0.02890625 0.57734375 0.0578125 0.1765625
53 0.4609375 0.828125 0.096875 0.259375
53 0.45390625 0.62265625 0.1109375 0.2671875
54 0.81171875 0.92265625 0.3765625 0.1546875
54 0.77734375 0.7265625 0.4453125 0.475