55 0.1703125 0.05859375 0.2625 0.1171875
55 0.428125 0.3265625 0.08125 0.40625
55 0.29375 0.40390625 0.35 0.2515625
55 0.06875 0.2640625 0.1375 0.290625
55 0.33359375 0.0484375 0.1984375 0.096875
55 0.22507820107756346 0.21953008955841505 0.22806032455550546 0.2840235400077587
55 0.14296875 0.43203125 0.2859375 0.1953125
54 0.53984375 0.12109375 0.1421875 0.1890625
54 0.9162296174382021 0.19468868365875797 0.15089230455162622 0.17528652667183914
54 0.94453125 0.44609375 0.1109375 0.1515625
56 0.15390625 0.58046875 0.3078125 0.1015625
56 0.24453125 0.63125 0.3421875 0.203125
56 0.07734375 0.778125 0.1546875 0.315625
56 0.28203125 0.76796875 0.3734375 0.3046875
56 0.09765625 0.88671875 0.1953125 0.2265625
56 0.1921875 0.96328125 0.384375 0.0734375
56 0.38125 0.88359375 0.175 0.2328125
56 0.39921875 0.66171875 0.1390625 0.2640625
56 0.63515625 0.6078125 0.3328125 0.15625
56 0.59375 0.79765625 0.25 0.4046875
56 0.83046875 0.8015625 0.3390625 0.396875