55 0.11640625 0.50859375 0.2328125 0.1828125
55 0.17562419332344717 0.40835355809260293 0.2835017879384414 0.3194745760382718
55 0.16484375 0.1078125 0.3296875 0.215625
55 0.74140625 0.3 0.5171875 0.6
55 0.60078125 0.3 0.5421875 0.6
55 0.39140625 0.3 0.1234375 0.6
55 0.11953125 0.67734375 0.1640625 0.1546875
55 0.1015625 0.915625 0.203125 0.16875
55 0.28984375 0.834375 0.0796875 0.196875
55 0.2921875 0.65 0.075 0.1
55 0.05703125 0.83828125 0.1140625 0.2484375
54 0.759375 0.9171875 0.328125 0.165625