55 0.28046875 0.259375 0.3390625 0.51875
55 0.91796875 0.31796875 0.1640625 0.4015625
55 0.725 0.259375 0.55 0.51875
56 0.2990817713702434 0.7533337124081374 0.2206787887533334 0.16772886031120046
56 0.32890625 0.91015625 0.2421875 0.1796875
56 0.3109375 0.5734375 0.278125 0.109375
56 0.42421875 0.6609375 0.0515625 0.284375
56 0.16875 0.61796875 0.221875 0.1984375
55 0.625 0.5828125 0.34375 0.128125
55 0.6589165919430562 0.7691336687765347 0.31010627108590294 0.2576839227387346
55 0.828125 0.61328125 0.221875 0.1890625