55 0.52734375 0.14453125 0.3234375 0.2890625
55 0.34453125 0.14453125 0.6890625 0.2890625
56 0.78984375 0.06796875 0.2015625 0.1359375
57 0.4775857749577339 0.6048803658918984 0.17177357945077248 0.1458221672787225
57 0.46640625 0.353125 0.1953125 0.128125
57 0.60859375 0.36640625 0.1609375 0.1546875
57 0.3609375 0.37734375 0.115625 0.1765625
57 0.4367914752490522 0.4798962124081373 0.15867031738749732 0.18816916394474265
54 0.89609375 0.51796875 0.2078125 0.3640625
54 0.75859375 0.4328125 0.1390625 0.2875
54 0.809375 0.7609375 0.240625 0.375
54 0.8515625 0.9234375 0.2625 0.153125