55 0.096875 0.33671875 0.19375 0.2265625
55 0.29921875 0.1890625 0.3015625 0.303125
55 0.7046875 0.3953125 0.4375 0.109375
55 0.8015625 0.14296875 0.315625 0.2859375
55 0.8141646820431611 0.32905190806935086 0.36080442252391975 0.20396544093141067
54 0.18984375 0.9828125 0.1453125 0.034375
54 0.10554403692632235 0.5753200114388772 0.13820261330958897 0.11352348252898033
54 0.35546875 0.98125 0.1109375 0.0375
56 0.82421875 0.77265625 0.3515625 0.3859375
56 0.9265625 0.5703125 0.146875 0.240625
56 0.85625 0.95390625 0.2875 0.0921875