55 0.1984375 0.03359375 0.396875 0.0671875
55 0.159375 0.16953125 0.31875 0.3390625
55 0.340625 0.16328125 0.196875 0.2546875
54 0.52265625 0.2625 0.1671875 0.153125
54 0.678125 0.115625 0.39375 0.23125
54 0.4859375 0.10859375 0.09375 0.2171875
54 0.88671875 0.19453125 0.2265625 0.2890625
54 0.0859375 0.54140625 0.171875 0.4046875
54 0.21953125 0.64765625 0.4390625 0.6171875
54 0.36875 0.6828125 0.140625 0.48125
55 0.71953125 0.54453125 0.5609375 0.4109375
55 0.85390625 0.8625 0.2921875 0.275
55 0.5234375 0.74375 0.16875 0.4625