55 0.16484375 0.2546875 0.3296875 0.509375
55 0.7966307721327428 0.3570246368032467 0.35189372758291687 0.23785376002214936
55 0.68125 0.43984375 0.321875 0.1390625
55 0.91328125 0.47109375 0.1734375 0.0765625
55 0.0921875 0.81796875 0.184375 0.3640625
55 0.1125 0.57890625 0.225 0.1390625
55 0.24921875 0.721875 0.1609375 0.425
57 0.4265625 0.90234375 0.19375 0.1953125
57 0.47135866840927054 0.7203871414267251 0.20799695079743077 0.1553044710040611
57 0.8872901800927775 0.8146461721207071 0.20178331838861122 0.15646645280546387
57 0.93671875 0.69609375 0.1265625 0.1421875
57 0.6134149625778467 0.9180062137596889 0.2205696859797918 0.15923050740125574
57 0.6795712119122566 0.6898824113233655 0.18423214247680572 0.13974002775932134
57 0.7640572743169443 0.579156859966776 0.18881053970326392 0.13535291640826924
57 0.89453125 0.9296875 0.2109375 0.140625
57 0.6802232157119787 0.7959321522240668 0.18092530452090294 0.13172726866002266
57 0.88203125 0.5484375 0.0953125 0.078125
57 0.6139481715434025 0.5934567967331109 0.13684799620027785 0.11486114126984166