55 0.21244223172410695 0.18515625 0.4241267879384414 0.2921875
55 0.325 0.35390625 0.328125 0.1296875
56 0.67578125 0.12890625 0.3734375 0.2578125
56 0.74453125 0.31328125 0.5109375 0.2109375
54 0.10703125 0.86171875 0.2140625 0.2765625
54 0.17707801088705963 0.56640625 0.23265469028743943 0.209375
54 0.3095482154267709 0.79296875 0.24117789561857333 0.2875
54 0.33515625 0.46953125 0.2171875 0.1015625
54 0.04453125 0.47890625 0.0890625 0.1203125
54 0.04453125 0.6359375 0.0890625 0.23125
54 0.3125 0.965625 0.265625 0.06875
54 0.44453125 0.78203125 0.0890625 0.2421875
54 0.63828125 0.8359375 0.2984375 0.328125
54 0.5984375 0.52265625 0.21875 0.2078125