55 0.20390625 0.2421875 0.4078125 0.39375
55 0.49375 0.21640625 0.23125 0.4328125
55 0.34765625 0.0875 0.4015625 0.175
54 0.88671875 0.053125 0.2265625 0.10625
54 0.68984375 0.3953125 0.1609375 0.0875
54 0.6734375 0.30859375 0.128125 0.1578125
56 0.3773361109243063 0.7451166479927178 0.2751725768875074 0.34025301088459126
56 0.17734375 0.5828125 0.3140625 0.2875
56 0.2999624626879001 0.6085764580668516 0.26875880257724793 0.3369097560752678
54 0.8046875 0.6171875 0.390625 0.35625
54 0.70234375 0.796875 0.1859375 0.40625