55 0.20390625 0.47890625 0.4078125 0.3796875
55 0.078125 0.203125 0.15625 0.40625
55 0.31862400149781206 0.21038290869324658 0.393334122439172 0.4200049259689932
56 0.8046875 0.334375 0.390625 0.66875
54 0.44609375 0.7375 0.3265625 0.1375
54 0.26953125 0.82109375 0.3609375 0.3046875
53 0.8294652619587936 0.9003291833702487 0.15653652667183912 0.14681204811738696
53 0.9828125 0.94765625 0.034375 0.1046875
53 0.9127078098424601 0.7752977074289422 0.12809279121570682 0.10302247532299766
53 0.94296875 0.71328125 0.1140625 0.0890625
53 0.79453125 0.71328125 0.1171875 0.0890625