55 0.128125 0.06328125 0.25625 0.1265625
55 0.3984375 0.109375 0.303125 0.21875
55 0.25 0.121875 0.259375 0.24375
55 0.090625 0.19296875 0.18125 0.2328125
55 0.90546875 0.19453125 0.1890625 0.3484375
55 0.75859375 0.17890625 0.1578125 0.3578125
55 0.8359375 0.03046875 0.2125 0.0609375
55 0.7515625 0.30234375 0.14375 0.1328125
55 0.16171875 0.89140625 0.3234375 0.2171875
55 0.04765625 0.72578125 0.0953125 0.5484375
55 0.2109375 0.56875 0.421875 0.390625
54 0.74296875 0.53125 0.1265625 0.321875
54 0.959375 0.7171875 0.08125 0.271875
54 0.80078125 0.9375 0.2421875 0.125
54 0.807016563925346 0.5662897212288776 0.2360640142540035 0.31517859981466556
54 0.93203125 0.42890625 0.1359375 0.1203125
54 0.7546875 0.853125 0.15 0.29375
54 0.91484375 0.61875 0.1703125 0.2625
54 0.93515625 0.915625 0.1296875 0.16875