55 0.25703125 0.5140625 0.3234375 0.45
55 0.11484375 0.29453125 0.2296875 0.5890625
55 0.33515625 0.20703125 0.1671875 0.1703125
55 0.798539681787761 0.2545031552976743 0.19122186068413444 0.13401524335048629
55 0.47890625 0.68046875 0.1203125 0.1171875
55 0.46484375 0.50546875 0.0921875 0.1046875
55 0.7516421881763705 0.6186013696784729 0.26073586463846715 0.15436541736243078
55 0.7184635681378769 0.39652569471659777 0.2171768656270503 0.15803462480937505
55 0.5337105192401909 0.22878941479697962 0.1694450197716634 0.09760496466513899
55 0.63203125 0.71015625 0.2109375 0.0578125
55 0.91527755973492 0.4409881287965286 0.16153436068413463 0.13332425911805573
55 0.6191891269213947 0.5107317054501742 0.2241325197716634 0.09887783035645867
55 0.9390625 0.2265625 0.121875 0.209375
56 0.0578125 0.909375 0.115625 0.18125
56 0.14296875 0.79375 0.1609375 0.109375
56 0.171875 0.925 0.165625 0.15
56 0.35546875 0.875 0.1265625 0.25
55 0.896875 0.9046875 0.20625 0.190625
55 0.58671875 0.9203125 0.2140625 0.159375