54 0.72890625 0.14609375 0.4828125 0.2921875
54 0.48671875 0.4046875 0.2359375 0.428125
56 0.184375 0.809375 0.36875 0.38125
54 0.39375 0.825 0.05 0.29375
54 0.8809876944322574 0.8280393831749014 0.13002003400368095 0.292166034442879
54 0.67734375 0.834375 0.1578125 0.33125
54 0.4494824680836115 0.8161271045548146 0.11882796086541685 0.28039974025173775
54 0.8046875 0.721875 0.140625 0.20625
54 0.9359375 0.653125 0.128125 0.06875
54 0.54375 0.871875 0.1375 0.25625
54 0.7046875 0.65234375 0.14375 0.0671875