55 0.14453125 0.08125 0.2890625 0.1625
55 0.22578125 0.4203125 0.1265625 0.21875
55 0.19296875 0.20625 0.1921875 0.4125
55 0.09140625 0.34296875 0.1828125 0.2484375
56 0.528125 0.38984375 0.46875 0.2796875
56 0.94453125 0.334375 0.1109375 0.3375
56 0.904749569871016 0.3523418092246958 0.1440601139704011 0.3227022226762452
56 0.7515625 0.3859375 0.15625 0.2875
56 0.81484375 0.375 0.1453125 0.309375
53 0.0421875 0.74296875 0.084375 0.1578125
53 0.26171875 0.97265625 0.0546875 0.0546875
53 0.275 0.646875 0.028125 0.109375
53 0.20390625 0.546875 0.1046875 0.034375
53 0.23247459407151272 0.6247531404103933 0.09748405405833438 0.10525110226293641
53 0.1203125 0.96015625 0.109375 0.0796875
54 0.434375 0.5515625 0.18125 0.04375