57 0.11796875 0.2390625 0.2359375 0.240625
56 0.25078125 0.31640625 0.3046875 0.0859375
56 0.68359375 0.1796875 0.5296875 0.359375
56 0.89453125 0.1796875 0.2109375 0.359375
55 0.234375 0.95078125 0.36875 0.0984375
55 0.259375 0.63125 0.31875 0.396875
53 0.94453125 0.9203125 0.1109375 0.159375
53 0.8453125 0.41015625 0.175 0.1015625
53 0.71328125 0.43203125 0.1359375 0.1453125
53 0.6429125639720012 0.49120034935506923 0.12349313868554468 0.14189917211208342
53 0.7536217026177751 0.6424881327900691 0.1331044960216353 0.1624298776591669
53 0.8373416272676849 0.7639435990707287 0.12965223201781734 0.13423214247680582
53 0.8349604199156857 0.9014617828663191 0.1093942760184536 0.13844686379145835
53 0.53359375 0.928125 0.1421875 0.14375
53 0.6050296612826387 0.659224303952222 0.13644767202418073 0.18125261284152785
53 0.5296875 0.4375 0.159375 0.15625
53 0.47890625 0.67734375 0.1203125 0.1671875