56 0.31328125 0.14765625 0.3328125 0.2953125
56 0.2265625 0.33828125 0.40625 0.2828125
56 0.10859375 0.17578125 0.2171875 0.3515625
56 0.1828125 0.02890625 0.3375 0.0578125
56 0.4453125 0.346875 0.06875 0.265625
55 0.596875 0.21328125 0.234375 0.3296875
55 0.92265625 0.13984375 0.1546875 0.2796875
55 0.8150189284786642 0.20629234710485936 0.22488286709365904 0.2653685813333125
55 0.69140625 0.08671875 0.2015625 0.1734375
54 0.12295466920708602 0.7211038987691777 0.21399081888905727 0.27235228714217125
54 0.175 0.93203125 0.209375 0.1359375
54 0.04921875 0.8109375 0.0984375 0.184375
54 0.46171875 0.8765625 0.0359375 0.246875
55 0.75546875 0.8078125 0.4890625 0.384375
55 0.58984375 0.80546875 0.2203125 0.3890625