56 0.2296875 0.34375 0.3 0.421875
56 0.15546875 0.13984375 0.3109375 0.2796875
56 0.30234375 0.1109375 0.1546875 0.221875
56 0.0828125 0.36796875 0.165625 0.3828125
56 0.68984375 0.3875 0.6203125 0.34375
55 0.17421875 0.7796875 0.3484375 0.440625
55 0.2875 0.73125 0.184375 0.34375
53 0.48203125 0.7515625 0.2046875 0.384375
53 0.96875 0.76171875 0.0625 0.2078125
53 0.83671875 0.6609375 0.2109375 0.203125
53 0.8046875 0.94921875 0.29375 0.1015625
53 0.6618674606681447 0.7236539767459996 0.2817458574935408 0.26703339448421415
53 0.54140625 0.625 0.2234375 0.13125