56 0.37109375 0.3265625 0.3734375 0.146875
56 0.1015625 0.2 0.203125 0.4
56 0.7859375 0.11640625 0.39375 0.2328125
54 0.3703125 0.79609375 0.4375 0.4078125
54 0.1515625 0.565625 0.303125 0.33125
54 0.08046875 0.89375 0.1609375 0.2125
54 0.7240100588607933 0.819757187976562 0.25960975582333656 0.2757676386770836
54 0.61875 0.6515625 0.059375 0.3125
54 0.7046875 0.49296875 0.23125 0.1859375
54 0.89609375 0.63828125 0.2078125 0.2640625
54 0.6671875 0.7140625 0.15625 0.2625
54 0.82578125 0.884375 0.2359375 0.23125
54 0.93515625 0.8640625 0.1296875 0.271875
54 0.8215364005826367 0.5516598449866661 0.2432974496669204 0.28474259517409733