56 0.30078125 0.24765625 0.3765625 0.0828125
56 0.31640625 0.178125 0.3453125 0.221875
56 0.33515625 0.0859375 0.3078125 0.171875
57 0.603125 0.14921875 0.228125 0.2796875
57 0.81796875 0.115625 0.2953125 0.23125
57 0.86796875 0.24453125 0.2640625 0.0890625
57 0.9515625 0.1234375 0.096875 0.165625
55 0.15703125 0.8203125 0.3140625 0.334375
55 0.2620536329317753 0.5526747751393317 0.4175843811176769 0.4257922395086517
55 0.13984375 0.3796875 0.2796875 0.18125
55 0.0640625 0.54140625 0.128125 0.3578125
56 0.80390625 0.6953125 0.3921875 0.4