56 0.31484375 0.20703125 0.2703125 0.4140625
56 0.29296875 0.06875 0.3140625 0.1375
56 0.14140625 0.12109375 0.2828125 0.2421875
54 0.72578125 0.1859375 0.5015625 0.371875
54 0.88125 0.26015625 0.2375 0.3796875
54 0.225 0.725 0.45 0.55
54 0.59140625 0.9328125 0.2203125 0.134375
54 0.6880123602950151 0.7651386099917363 0.21875997972108258 0.2952436840799309
54 0.8671875 0.846875 0.265625 0.30625
54 0.8359203465492602 0.6383248029053823 0.25470818739853734 0.36315853590354197
54 0.7515625 0.54375 0.225 0.1875
54 0.928125 0.91171875 0.14375 0.1765625
54 0.92734375 0.596875 0.1453125 0.29375