56 0.228125 0.12890625 0.203125 0.2578125
56 0.221875 0.30859375 0.215625 0.2609375
56 0.51171875 0.37109375 0.3640625 0.1359375
56 0.7650445804077357 0.2859375 0.32884428493120826 0.2890625
54 0.2652256627992061 0.63359375 0.12048116950744614 0.1390625
54 0.18373261533894417 0.5734375 0.09260914065150558 0.1015625
54 0.03046875 0.60703125 0.0609375 0.1328125
53 0.36171875 0.86640625 0.0640625 0.2671875
53 0.7107514060909661 0.746875 0.29327386188038307 0.3890625
53 0.85546875 0.84921875 0.2890625 0.3015625
53 0.696875 0.4859375 0.60625 0.09375