56 0.26640625 0.30078125 0.3453125 0.3765625
56 0.25859375 0.10234375 0.2359375 0.2046875
56 0.08515625 0.21328125 0.1703125 0.2328125
53 0.8424661649446659 0.3227167481456229 0.11465936068413436 0.13605786831702957
53 0.8664169539937013 0.1366049428980686 0.10059686068413462 0.13523882096198286
53 0.7668334480622023 0.170463274383395 0.09390119171077389 0.12393729991529537
53 0.7114880789751108 0.3428156874952223 0.11395902372599628 0.11887036831702939
53 0.6478805182144266 0.23974316637794776 0.09323002965749527 0.14572129465362363
53 0.53359375 0.05234375 0.1265625 0.1046875
53 0.5351802469598883 0.34684928206414123 0.10824753460041112 0.16997784200867017
53 0.68125 0.028125 0.1 0.05625
53 0.3515625 0.91640625 0.175 0.1671875
53 0.1515625 0.9421875 0.303125 0.115625
53 0.08125 0.79921875 0.1625 0.2078125
53 0.09140625 0.6359375 0.1828125 0.171875
54 0.9765625 0.91484375 0.046875 0.1140625
54 0.86790249403132 0.7867154188676093 0.08825868676785795 0.10022678413027979
54 0.9413890735750844 0.8003614189381965 0.0928825197716634 0.09893729991529528