56 0.28359375 0.0453125 0.4828125 0.090625
56 0.35054471269800136 0.3430339451560987 0.33274782455550556 0.2689964814568439
56 0.3734076120988766 0.15870439695149674 0.32767768728260194 0.2642817103796052
55 0.890625 0.378125 0.21875 0.203125
55 0.8368948668099823 0.20595262255460822 0.2670594384905499 0.15304422852997773
55 0.68671875 0.29609375 0.2953125 0.2109375
57 0.1359375 0.6734375 0.271875 0.3875
57 0.296875 0.70859375 0.415625 0.4578125
53 0.9140625 0.83515625 0.171875 0.2546875
53 0.5609375 0.67421875 0.04375 0.3546875
53 0.64453125 0.50859375 0.1828125 0.0578125