56 0.221875 0.13984375 0.215625 0.2796875
54 0.6234375 0.13984375 0.5875 0.2796875
55 0.16484375 0.440625 0.3296875 0.321875
55 0.15546875 0.815625 0.3109375 0.36875
54 0.8261779552832751 0.4855036244203297 0.12047722668681722 0.14912836729005097
54 0.39296875 0.56875 0.1265625 0.14375
54 0.9703125 0.9515625 0.059375 0.096875
54 0.96484375 0.77109375 0.0703125 0.1390625
54 0.75078125 0.97265625 0.1046875 0.0546875
54 0.902539365929367 0.6366116064663487 0.09353291868236298 0.11616133118569749
54 0.8429461899268216 0.6557070401113743 0.09505905601527198 0.11304542154477701