56 0.35625 0.30703125 0.60625 0.3859375
54 0.8296875 0.20390625 0.340625 0.4078125
53 0.07734375 0.70390625 0.1546875 0.3171875
53 0.253125 0.59609375 0.253125 0.1921875
53 0.02265625 0.91171875 0.0453125 0.1765625
53 0.13984375 0.94140625 0.1515625 0.1171875
53 0.2078125 0.95859375 0.115625 0.0828125
53 0.570005951700988 0.8898792584462842 0.14748647483619665 0.21824519780928675
53 0.43679225689656354 0.7811982434025895 0.15308190990138842 0.18092705423577726
53 0.23721499675029384 0.8112363990502927 0.13169783360249454 0.20841555674305995
53 0.42734375 0.92890625 0.1171875 0.1421875
53 0.90078125 0.7953125 0.1984375 0.409375