56 0.215625 0.26328125 0.43125 0.2328125
56 0.5796875 0.3 0.059375 0.159375
56 0.44375 0.29375 0.121875 0.171875
56 0.5125 0.296875 0.1125 0.165625
55 0.81875 0.30859375 0.271875 0.1421875
55 0.7640625 0.1234375 0.271875 0.246875
55 0.9359375 0.20390625 0.128125 0.3515625
55 0.653125 0.21484375 0.0875 0.3296875
55 0.0890625 0.74765625 0.178125 0.4015625
55 0.3829656347749946 0.7483098414439728 0.2639659255403707 0.3805652734657617
55 0.3234375 0.93984375 0.15625 0.1203125
55 0.24117997483346026 0.5279301810335686 0.1792349496669205 0.28860601564384125
55 0.53359375 0.8015625 0.1515625 0.35625
56 0.9203125 0.75078125 0.159375 0.2484375
56 0.8859375 0.9171875 0.228125 0.165625