56 0.19140625 0.03671875 0.2953125 0.0734375
54 0.615625 0.2734375 0.43125 0.1125
54 0.52265625 0.05234375 0.3640625 0.1046875
54 0.75078125 0.1328125 0.3609375 0.265625
54 0.93359375 0.16484375 0.1328125 0.3296875
54 0.4484375 0.18515625 0.21875 0.2890625
55 0.115625 0.9296875 0.23125 0.140625
55 0.08046875 0.803125 0.1609375 0.30625
55 0.1953125 0.534375 0.2875 0.259375
55 0.22890625 0.91171875 0.2015625 0.1765625
55 0.28046875 0.42109375 0.1171875 0.1828125
55 0.30546875 0.7828125 0.0671875 0.16875
55 0.8484375 0.75078125 0.303125 0.4109375
55 0.74375 0.51484375 0.496875 0.3703125
55 0.49453125 0.3828125 0.2765625 0.10625
55 0.75 0.82578125 0.5 0.3484375