56 0.15625 0.1 0.21875 0.2
56 0.23047018372774625 0.2794917875431566 0.22785438045579792 0.2400133838228234
56 0.32578125 0.0609375 0.1703125 0.121875
54 0.725 0.2296875 0.55 0.459375
53 0.2453125 0.54765625 0.19375 0.1765625
53 0.10390625 0.578125 0.2078125 0.2375
55 0.88359375 0.81640625 0.2328125 0.2359375
55 0.8328497203053237 0.6414427228065838 0.21625103558899425 0.1846154888018452
55 0.58515625 0.89375 0.2703125 0.2125
55 0.5453125 0.70859375 0.190625 0.2421875
55 0.60859375 0.5046875 0.1890625 0.090625
55 0.834375 0.48671875 0.175 0.0546875
55 0.7328125 0.92890625 0.240625 0.1421875
55 0.6490875325488826 0.7550586273753315 0.23994320357377177 0.19264147635429046
55 0.9265625 0.909375 0.146875 0.18125