56 0.44609375 0.26875 0.0453125 0.23125
56 0.1703125 0.54375 0.340625 0.290625
56 0.33984375 0.39921875 0.2578125 0.2453125
56 0.28828125 0.640625 0.3140625 0.096875
56 0.38125 0.56015625 0.175 0.1828125
54 0.9640625 0.14140625 0.071875 0.2453125
54 0.8578125 0.06328125 0.284375 0.1265625
54 0.8630916075569488 0.16690743193943475 0.19476985030926067 0.17935930373891082
54 0.631475977241869 0.5027894228158726 0.2208858112195859 0.21394779129135627
54 0.8828125 0.59453125 0.234375 0.1515625
55 0.32493906375616816 0.8148326786154424 0.22480803667377885 0.2049279888018453
55 0.1291643070882084 0.863829976130576 0.16756962152108806 0.1695340178461393
56 0.69296875 0.81953125 0.4484375 0.2609375