56 0.3828125 0.43515625 0.2125 0.2296875
56 0.17890625 0.29717354519356415 0.315625 0.19792610942536976
56 0.259375 0.471875 0.19375 0.15625
56 0.52734375 0.40859375 0.1234375 0.1828125
56 0.40390625 0.23404599448689697 0.1984375 0.12986103166842558
54 0.665625 0.525 0.153125 0.05
54 0.83359375 0.4084219864283787 0.1984375 0.10954853166842557
54 0.69921875 0.1380719472670826 0.1171875 0.08056507775694417
54 0.72421875 0.3215091638552307 0.1578125 0.08724430471268488
54 0.94921875 0.51171875 0.1015625 0.0765625
54 0.82578125 0.18586348124458238 0.1359375 0.0822054901980553
54 0.9484375 0.3171875 0.103125 0.0875
53 0.36015625 0.86953125 0.3796875 0.2609375
53 0.05859375 0.71640625 0.1171875 0.3046875
53 0.09296875 0.90234375 0.1859375 0.1953125
56 0.85703125 0.79375 0.2859375 0.4125