56 0.0859375 0.50078125 0.171875 0.1171875
56 0.07109375 0.2390625 0.1421875 0.165625
56 0.03203125 0.3890625 0.0640625 0.18125
56 0.19679469241909048 0.4228344460932229 0.10740758045771699 0.1964033800127268
55 0.609375 0.4109375 0.2125 0.296875
55 0.7895281316592132 0.3430191294159507 0.1965350544788164 0.37698176535645356
55 0.6167294060486298 0.2088697540579064 0.18727004307885 0.1551794906906352
54 0.20703125 0.8734375 0.4046875 0.253125
54 0.2046875 0.6328125 0.409375 0.146875
56 0.50546875 0.94921875 0.1921875 0.1015625
56 0.4921875 0.771875 0.165625 0.190625
56 0.675 0.92734375 0.140625 0.1453125