56 0.196875 0.225 0.39375 0.45
56 0.34453125 0.40859375 0.3296875 0.0828125
56 0.9078125 0.05625 0.184375 0.1125
56 0.78671875 0.38359375 0.2453125 0.1328125
57 0.7859375 0.07890625 0.28125 0.1578125
57 0.921875 0.3390625 0.15625 0.221875
57 0.8294175167090889 0.18108036201726793 0.24932948002863498 0.2325362638079625
57 0.7683992953930427 0.30295607054689766 0.19082608935390813 0.16810332544787004
54 0.428125 0.66796875 0.1625 0.4359375
54 0.23671875 0.59921875 0.4734375 0.2984375
54 0.7828125 0.840625 0.33125 0.31875