56 0.084375 0.45078125 0.146875 0.0984375
53 0.47109375 0.04140625 0.1609375 0.0828125
53 0.459375 0.4828125 0.159375 0.034375
53 0.98046875 0.43359375 0.0390625 0.1328125
53 0.93828125 0.05703125 0.1234375 0.1140625
53 0.9129935983551946 0.2482406382053119 0.11237902047629049 0.1585047906531944
53 0.5252538724838353 0.3653268739563538 0.10456652047629085 0.1583229526972918
53 0.8077475438860272 0.06354028951583271 0.13116531433340342 0.11217530452090294
53 0.7777416813242569 0.2740972362292009 0.129530226619178 0.205670731382639
53 0.88046875 0.47578125 0.1203125 0.0484375
54 0.3328125 0.73125 0.09375 0.315625
54 0.47734375 0.75 0.1953125 0.5
54 0.75 0.75 0.453125 0.5