56 0.26328125 0.16953125 0.3734375 0.3390625
56 0.12578125 0.228125 0.2515625 0.221875
56 0.03203125 0.1546875 0.0640625 0.196875
55 0.78984375 0.15390625 0.4203125 0.3078125
54 0.425 0.3703125 0.246875 0.0625
54 0.1953125 0.4359375 0.3 0.19375
54 0.11328125 0.76796875 0.2265625 0.2140625
54 0.0484375 0.540625 0.096875 0.196875
54 0.4546875 0.54921875 0.25 0.1921875
54 0.19554868466144998 0.5723864258213348 0.2548898717519414 0.2067458574935408
54 0.45078125 0.89296875 0.2578125 0.2140625
54 0.5 0.75234375 0.159375 0.2078125
54 0.271875 0.9578125 0.209375 0.084375
54 0.3070281067409983 0.8024768391472851 0.18096144805083547 0.17391476866002265
54 0.08828125 0.96875 0.1765625 0.0625
53 0.7151621607187579 0.7865874306016969 0.20634327759614016 0.19739184145441174
53 0.67421875 0.95078125 0.1890625 0.0984375
53 0.659375 0.371875 0.153125 0.065625
53 0.859375 0.359375 0.178125 0.040625
53 0.7022759715930811 0.4518514851974887 0.14003643912238176 0.15412390036914023
53 0.90234375 0.428125 0.1953125 0.175