56 0.334375 0.253125 0.66875 0.50625
56 0.0859375 0.28984375 0.171875 0.5796875
56 0.71015625 0.28203125 0.0828125 0.2921875
56 0.8375960051189054 0.2835286029589522 0.20513452229572957 0.31625359337710923
56 0.90859375 0.2 0.1828125 0.3
56 0.23046875 0.78984375 0.4609375 0.4203125
56 0.39296875 0.92578125 0.2546875 0.1484375
56 0.11015625 0.89765625 0.2203125 0.2046875
56 0.3296875 0.74609375 0.3375 0.3328125
56 0.56171875 0.87109375 0.2140625 0.2578125
56 0.5171875 0.68984375 0.303125 0.2203125
54 0.8625 0.71953125 0.275 0.2796875