56 0.275 0.2046875 0.55 0.409375
57 0.8765625 0.13984375 0.246875 0.1796875
57 0.7136931716500564 0.2720389929032862 0.23356917334809948 0.24526813695090494
57 0.75859375 0.3875 0.2296875 0.04375
57 0.61640625 0.38671875 0.1328125 0.0453125
57 0.58203125 0.26953125 0.0640625 0.2203125
57 0.6806036620893325 0.09563717920819567 0.18102636181247736 0.17810162091177598
56 0.40078125 0.6453125 0.2984375 0.471875
56 0.44296875 0.9328125 0.2140625 0.134375
56 0.06796875 0.5859375 0.1359375 0.353125
56 0.2375 0.91328125 0.25625 0.1734375
54 0.63203125 0.696875 0.1640625 0.365625
54 0.71875 0.50234375 0.3375 0.1859375
54 0.88984375 0.8890625 0.2203125 0.221875
54 0.88671875 0.665625 0.2265625 0.29375