56 0.18125 0.228125 0.3625 0.39375
56 0.39140625 0.1859375 0.2546875 0.371875
55 0.92890625 0.35078125 0.1421875 0.4171875
55 0.58046875 0.32890625 0.1234375 0.2796875
55 0.76323508425309 0.2705500688056297 0.2643963404244448 0.37091750425206377
55 0.84140625 0.49609375 0.2796875 0.1265625
55 0.7453125 0.07578125 0.23125 0.1515625
55 0.2015625 0.66171875 0.403125 0.2046875
55 0.31171875 0.7796875 0.4140625 0.440625
54 0.6828125 0.9421875 0.328125 0.115625
54 0.63984375 0.77265625 0.2421875 0.3734375