56 0.29375 0.12109375 0.553125 0.2421875
56 0.27421875 0.18203125 0.5484375 0.3640625
56 0.26875 0.32265625 0.5375 0.4921875
55 0.83984375 0.20859375 0.3203125 0.4171875
55 0.83515625 0.30546875 0.3109375 0.4140625
53 0.13203125 0.85859375 0.2640625 0.2828125
53 0.3078125 0.90390625 0.265625 0.1921875
53 0.33984375 0.7140625 0.2765625 0.290625
53 0.515625 0.8359375 0.328125 0.328125
54 0.8046875 0.87734375 0.25 0.2453125
54 0.83984375 0.6203125 0.3203125 0.103125
54 0.9390625 0.85546875 0.121875 0.2890625