56 0.1265625 0.2390625 0.253125 0.31875
54 0.70546875 0.34375 0.4515625 0.171875
54 0.765625 0.17421875 0.446875 0.3484375
54 0.55625 0.23671875 0.153125 0.3484375
54 0.9046875 0.34765625 0.190625 0.1640625
54 0.95078125 0.18125 0.0984375 0.303125
54 0.2125 0.4578125 0.253125 0.05625
54 0.071875 0.48828125 0.14375 0.1171875
54 0.15848645105272893 0.6978600760661788 0.22972156068105373 0.16030334269572605
54 0.059375 0.7171875 0.11875 0.128125
54 0.38440077852880916 0.5288122734324954 0.18551853801913581 0.13949994668999893
54 0.34076840828842964 0.6789117234245412 0.20942115863342464 0.14446016669318062
54 0.0765625 0.8921875 0.153125 0.115625
54 0.2368126498909165 0.8423555107415421 0.14413043494769226 0.11560791335136286
54 0.6990119682216648 0.6124311060629971 0.2891911111239619 0.24059082670272555