56 0.1625 0.38671875 0.325 0.2265625
56 0.3640625 0.4234375 0.33125 0.153125
56 0.3515625 0.31015625 0.35625 0.3296875
57 0.81796875 0.0578125 0.1515625 0.115625
57 0.60390625 0.13984375 0.1484375 0.1734375
57 0.7246812000835223 0.14910429008983864 0.1545860794507723 0.14775700845183834
57 0.8767641295760559 0.15245934138098063 0.11483627329435606 0.15286214889417024
57 0.93671875 0.2359375 0.1265625 0.159375
57 0.7467305534530485 0.277522582002581 0.1861278107319669 0.15416651580389074
57 0.59921875 0.26875 0.1390625 0.146875
57 0.9265625 0.3515625 0.146875 0.13125
57 0.6504996260404946 0.3719575652721291 0.16573126663882592 0.11798503676026187
57 0.55859375 0.35625 0.0578125 0.1125
55 0.2015625 0.5765625 0.265625 0.153125
55 0.08515625 0.765625 0.1703125 0.421875
56 0.76484375 0.75 0.4703125 0.5