56 0.24140625 0.62109375 0.2171875 0.3109375
56 0.3125 0.3828125 0.075 0.36875
56 0.26640625 0.47265625 0.1671875 0.3078125
53 0.43125 0.12890625 0.1625 0.2578125
53 0.628125 0.6734375 0.55625 0.2125
53 0.62109375 0.059375 0.3109375 0.11875
53 0.6731160426082299 0.35232118992682154 0.5441543680776327 0.5781293787396329
53 0.3984375 0.60625 0.096875 0.28125
55 0.21328125 0.88984375 0.2734375 0.2203125
55 0.10546875 0.91640625 0.2109375 0.1671875
53 0.53125 0.86953125 0.21875 0.1796875
53 0.42578125 0.828125 0.1515625 0.096875