56 0.1171875 0.03671875 0.234375 0.0734375
56 0.103125 0.19453125 0.20625 0.3078125
56 0.3875 0.15078125 0.14375 0.2953125
56 0.2577211207634499 0.14241343797656203 0.18858117080279085 0.17598453780340292
56 0.20744869711066743 0.3705572749825343 0.2000871173323807 0.09513458130638916
56 0.8796875 0.35234375 0.240625 0.3140625
56 0.5703125 0.59375 0.221875 0.16875
56 0.92265625 0.54375 0.1328125 0.06875
56 0.8515625 0.54375 0.1125 0.06875
56 0.690625 0.559375 0.125 0.1
56 0.759375 0.54609375 0.115625 0.0734375