56 0.353125 0.1 0.33125 0.2
56 0.6296875 0.1 0.221875 0.2
56 0.81796875 0.13359375 0.3640625 0.1328125
56 0.82265625 0.0796875 0.3546875 0.159375
57 0.2612339868825586 0.6801977282576583 0.2618537053362099 0.3313453392949433
57 0.39296875 0.928125 0.2515625 0.14375
57 0.3125 0.84375 0.25625 0.3125
56 0.4375 0.6078125 0.1625 0.31875
56 0.48984375 0.703125 0.0578125 0.365625
54 0.93125 0.66015625 0.1375 0.4390625
54 0.7388400084792845 0.6133094193429299 0.3954717887824379 0.4146560919158371
54 0.56015625 0.45546875 0.0828125 0.3546875
54 0.853125 0.87421875 0.29375 0.2515625
54 0.91015625 0.378125 0.1796875 0.3125
54 0.721875 0.33203125 0.303125 0.2640625