56 0.309375 0.3578125 0.41875 0.203125
56 0.1125 0.3546875 0.153125 0.209375
56 0.059375 0.34453125 0.11875 0.2296875
55 0.89375 0.075 0.1625 0.15
55 0.87890625 0.409375 0.1609375 0.1
55 0.9183352946743991 0.25840206661067266 0.13384590263916643 0.16380423610255282
55 0.8190591731380102 0.3594066143262988 0.11034961404351824 0.1790973493799445
55 0.8256201143728248 0.22149221723072826 0.11874858294074064 0.13316954274124876
55 0.7452894824688436 0.3396609541584736 0.10781108294074056 0.13234074855010752
56 0.2296875 0.79765625 0.459375 0.4046875
56 0.4515625 0.79609375 0.134375 0.4078125