56 0.05546875 0.27109375 0.1109375 0.3328125
56 0.17734375 0.25625 0.2328125 0.3875
56 0.44609375 0.35703125 0.1671875 0.1859375
56 0.33125 0.1484375 0.21875 0.296875
56 0.10390625 0.06875 0.2078125 0.1375
55 0.76484375 0.15234375 0.4703125 0.3046875
55 0.76484375 0.246875 0.4703125 0.40625
56 0.1609375 0.934375 0.321875 0.13125
56 0.35703125 0.7279471527361003 0.3375 0.3121895711779884
56 0.22109375 0.5625 0.3234375 0.225
55 0.840625 0.56640625 0.31875 0.2328125
55 0.80234375 0.7074476744477493 0.39375 0.32073158304098665
55 0.66171875 0.8609375 0.2640625 0.225