57 0.5796875 0.28125 0.040625 0.178125
57 0.43046875 0.0828125 0.1671875 0.165625
57 0.24453125 0.08671875 0.1296875 0.1734375
57 0.2890625 0.48046875 0.13125 0.1390625
57 0.1640625 0.509375 0.11875 0.08125
57 0.4233862400540884 0.2638492898253498 0.1321237986950896 0.213903787293461
57 0.19154589405631559 0.27215283002921764 0.11764312802354437 0.1774752139724832
57 0.07272371606458794 0.32891620680090716 0.11144767202418074 0.18194445916315977
57 0.4046875 0.49765625 0.11875 0.1046875
57 0.29572486405949727 0.29921881623421953 0.10823176535645337 0.17402283175849825
57 0.546875 0.44921875 0.10625 0.2015625
57 0.03203125 0.43515625 0.0640625 0.0890625
57 0.10460842071131612 0.1832143264010206 0.09836586935072651 0.13150794954451311
55 0.7328125 0.0953125 0.265625 0.190625
55 0.8203125 0.3484375 0.359375 0.240625
55 0.92109375 0.13203125 0.1578125 0.2640625
55 0.05078125 0.6875 0.1015625 0.275
55 0.42890625 0.81328125 0.3421875 0.3734375
55 0.1837152127227702 0.7801687158713999 0.17552944804263432 0.32006450725639424