57 0.10234375 0.096875 0.2046875 0.19375
57 0.0703125 0.3453125 0.140625 0.1875
57 0.3474936999572188 0.16310358593457108 0.22523124813797324 0.22385131455356594
57 0.25078125 0.39453125 0.2234375 0.0890625
57 0.44808451302516933 0.3176313313926432 0.21898124813797307 0.22334113152302776
57 0.20031694706173458 0.2616053745652039 0.2194906703877141 0.23427863152302777
57 0.025 0.16328125 0.05 0.2046875
58 0.79453125 0.21953125 0.4109375 0.4390625
57 0.22734375 0.5890625 0.3140625 0.3
57 0.53671875 0.66328125 0.1046875 0.2234375
57 0.19587565777232036 0.7582581365239977 0.2666910020669146 0.21167005000969824