57 0.23203125 0.0921875 0.3109375 0.184375
57 0.1703125 0.22109375 0.340625 0.1765625
57 0.31796875 0.15546875 0.1640625 0.3078125
54 0.2 0.6078125 0.4 0.596875
54 0.55234375 0.89375 0.3046875 0.2125
54 0.50546875 0.5125 0.2109375 0.225
54 0.8443696522240668 0.46951920963568233 0.28423050740125577 0.2313539778374471
54 0.52578125 0.78984375 0.2515625 0.2171875
54 0.7737801426633428 0.6476309215306129 0.30979171190476223 0.21712105947465296
54 0.49609375 0.6609375 0.1921875 0.1875
54 0.6953125 0.396875 0.25625 0.175
54 0.5015625 0.38984375 0.203125 0.1609375
54 0.67265625 0.33046875 0.2296875 0.0421875