57 0.2453125 0.18671875 0.1875 0.2984375
57 0.21640625 0.57734375 0.2453125 0.1453125
57 0.225 0.4125 0.228125 0.378125
60 0.8743428457231323 0.40650855144350617 0.24961314191744996 0.3565523834215476
60 0.16953125 0.825 0.3390625 0.35
57 0.80703125 0.67890625 0.2234375 0.0578125
57 0.91171875 0.87734375 0.1765625 0.2359375
57 0.578125 0.72265625 0.234375 0.1453125
57 0.74140625 0.93125 0.2359375 0.1375
57 0.5114187158713999 0.8364799639538951 0.2295139183263198 0.22779071345960347
57 0.5703125 0.9734375 0.2 0.053125
57 0.7472718811176768 0.7766579308735398 0.23145836424263583 0.23879188045579802
57 0.93515625 0.7140625 0.1296875 0.128125