57 0.14140625 0.071875 0.1765625 0.14375
57 0.1885981294731458 0.2838054641664912 0.1917409045687478 0.1973620833429715
57 0.2314699458601039 0.1536116173069338 0.1652017153566284 0.174568940066765
57 0.275 0.03671875 0.1625 0.0734375
57 0.36795189751977786 0.13692059939017936 0.180069698759889 0.20705926170486819
57 0.3186175161957542 0.2960921673759328 0.16771140871793264 0.18722398027152778
57 0.24685110520273645 0.4189204879212225 0.14602474025173776 0.1261435380191358
57 0.48984375 0.0203125 0.1515625 0.040625
57 0.43916589192070044 0.2353289710972816 0.1406753120372805 0.17833829679055846
57 0.388233121799476 0.37340678908303493 0.13515901784613932 0.16693567617626962
54 0.3109375 0.88984375 0.615625 0.2203125
54 0.3609375 0.85390625 0.515625 0.1484375
57 0.809375 0.88984375 0.38125 0.2203125