57 0.24375 0.46484375 0.4875 0.3484375
57 0.4359375 0.20625 0.365625 0.4125
57 0.09302830516021424 0.18841694098013734 0.17504076708875882 0.18040056506868538
57 0.10546875 0.065625 0.1890625 0.13125
56 0.828125 0.4859375 0.34375 0.30625
53 0.1578125 0.9125 0.315625 0.175
53 0.4671875 0.7703125 0.303125 0.2625
53 0.55546875 0.9359375 0.1265625 0.128125
53 0.2286177788337483 0.7745115893244147 0.2539841210079672 0.2167368334488165
53 0.3224921477966515 0.887818562115777 0.14034751834239997 0.16585010698142783
54 0.841769682040676 0.8449342838073536 0.264648836368231 0.2085114110220349
54 0.70078125 0.921875 0.1640625 0.15625
54 0.69296875 0.703125 0.1484375 0.128125
54 0.94140625 0.678125 0.1171875 0.078125