57 0.29609375 0.13125 0.4328125 0.2625
57 0.47734375 0.18046875 0.2828125 0.3296875
57 0.18203125 0.32421875 0.3640625 0.2515625
57 0.471875 0.3265625 0.29375 0.246875
54 0.91015625 0.40078125 0.1796875 0.0984375
55 0.33203125 0.7328125 0.5171875 0.534375
55 0.13671875 0.73671875 0.2734375 0.5265625
55 0.21953125 0.53984375 0.4390625 0.1796875
53 0.66015625 0.75 0.0828125 0.403125
53 0.7125 0.56328125 0.1875 0.2265625
53 0.95703125 0.87734375 0.0859375 0.2453125
53 0.82109375 0.8625 0.3421875 0.275
53 0.915625 0.67734375 0.16875 0.2609375