57 0.22642117857793878 0.12688674798318766 0.14320934137714508 0.1284741972858944
57 0.1221007555271136 0.23442573239584732 0.12714783175849825 0.11488159084927715
57 0.07298867684865833 0.420335735245839 0.13361608656782167 0.12156863342392406
57 0.2364559214063627 0.2796839660522024 0.15436509618646851 0.13548902179152655
57 0.3345412134243292 0.0833010029268662 0.14337303248413757 0.1331616972858944
57 0.3515625 0.2203125 0.115625 0.103125
57 0.07728181804831813 0.3190081820275303 0.136577395460829 0.11709965471124732
57 0.28172872667117305 0.18567188609868865 0.14951390507947587 0.1304737398605414
59 0.7046875 0.24453125 0.590625 0.4890625
60 0.2046875 0.74453125 0.409375 0.5109375
58 0.7046875 0.74453125 0.590625 0.5109375