57 0.3717734533100591 0.4132055354570324 0.1736546780139646 0.24611003676026205
57 0.3140625 0.52265625 0.178125 0.0734375
57 0.19140625 0.48984375 0.1578125 0.1390625
57 0.2601507143077212 0.32745113288683597 0.16371099295103023 0.21716390992224888
57 0.1195606804895423 0.3433859378540042 0.1814904888018452 0.22678288896587767
57 0.05078125 0.47109375 0.1015625 0.1453125
57 0.05625 0.26328125 0.1125 0.1734375
57 0.05390625 0.153125 0.1078125 0.1375
53 0.525 0.40234375 0.1125 0.1328125
53 0.51640625 0.28515625 0.0953125 0.2296875
53 0.659375 0.52578125 0.2625 0.0671875
53 0.28515625 0.96953125 0.3671875 0.0609375
53 0.09765625 0.84453125 0.1953125 0.2421875
53 0.3421875 0.74609375 0.253125 0.3734375
53 0.06484375 0.66328125 0.1296875 0.2078125
54 0.69296875 0.86875 0.4484375 0.2625