57 0.459375 0.14921875 0.21875 0.2984375
57 0.29237566728995656 0.1473039943853923 0.1961135733609078 0.21440965244730936
57 0.20329443861395696 0.2109121971009328 0.1787260786919079 0.19622109456891898
57 0.4542018632638669 0.34904704686093646 0.1515817760184536 0.14467400512049763
60 0.73671875 0.33671875 0.3359375 0.3859375
58 0.45078125 0.9171875 0.2359375 0.165625
57 0.7203125 0.725 0.303125 0.28125
57 0.8004501545990031 0.8399234048663837 0.2684249253659985 0.25609589448421444
57 0.95 0.81953125 0.1 0.2953125
57 0.91640625 0.66875 0.1671875 0.25
57 0.62734375 0.8953125 0.1171875 0.209375
57 0.69296875 0.9578125 0.1546875 0.084375