57 0.4125 0.0484375 0.453125 0.096875
57 0.57265625 0.31328125 0.1328125 0.4328125
57 0.135843983647104 0.40670795657675657 0.20881140036914028 0.14681514970954979
57 0.1963461829088235 0.1280692262214637 0.18615634793281668 0.08500435442427942
57 0.17153475246401015 0.21776958106002783 0.2051857526208936 0.13885710049533806
57 0.33826117751015267 0.22724297270680704 0.16576230721668547 0.1557149607105856
57 0.3389294108527149 0.3721744830458892 0.18234902991878954 0.1471404813887501
57 0.20703125 0.48515625 0.1734375 0.0890625
57 0.36953125 0.48046875 0.1515625 0.0984375
56 0.78828125 0.075 0.2984375 0.15
56 0.93515625 0.4203125 0.1296875 0.21875
56 0.7984375 0.21953125 0.31875 0.1828125
53 0.44375 0.634375 0.3 0.209375
53 0.4403162284053167 0.8294282491759397 0.3095308960502038 0.23562940074300717
54 0.81953125 0.7265625 0.3609375 0.353125
54 0.81953125 0.91484375 0.3609375 0.1703125