57 0.18046875 0.3359375 0.2328125 0.40625
57 0.0390625 0.3140625 0.078125 0.45
58 0.8953125 0.18984375 0.209375 0.3796875
58 0.58984375 0.1203125 0.3484375 0.240625
58 0.87109375 0.421875 0.2578125 0.234375
58 0.503125 0.46953125 0.3375 0.1390625
58 0.45390625 0.30546875 0.3078125 0.2765625
58 0.7278571822192275 0.3609570919296393 0.319797851459402 0.26852735940065886
58 0.8671875 0.03984375 0.265625 0.0796875
57 0.25703125 0.91484375 0.0859375 0.1703125
57 0.6280564107121673 0.7665605962973941 0.5248865462638264 0.3999898926783107
57 0.56875 0.93125 0.5375 0.1375