57 0.471875 0.5578125 0.09375 0.14375
57 0.2766277873258131 0.4366551597629865 0.2179896787556686 0.2063630220358336
57 0.240625 0.57421875 0.20625 0.1109375
57 0.41640625 0.39921875 0.2046875 0.2328125
57 0.63203125 0.51796875 0.2265625 0.2234375
57 0.634375 0.325 0.23125 0.3375
57 0.65234375 0.13046875 0.2671875 0.2046875
57 0.771875 0.57109375 0.340625 0.1171875
57 0.882535424058694 0.2956346887326742 0.1892276419239657 0.19477090539458342
57 0.1375 0.86484375 0.275 0.2703125
60 0.75390625 0.82109375 0.4703125 0.3578125