57 0.43515625 0.0703125 0.3296875 0.140625
57 0.4609969758685649 0.20403664317010026 0.2744444724100038 0.22805875809787715
57 0.496875 0.53984375 0.20625 0.2359375
57 0.24412444519852583 0.26828470685776595 0.2717559820286507 0.24032195975755108
57 0.15078125 0.0953125 0.2515625 0.190625
57 0.26284961943047735 0.44986659358037445 0.28263891832631993 0.2395882539486923
57 0.47734375 0.3765625 0.2453125 0.228125
57 0.4265625 0.63828125 0.346875 0.1609375
54 0.88671875 0.40625 0.2265625 0.403125
54 0.83984375 0.14609375 0.3203125 0.2921875
54 0.6796875 0.40703125 0.159375 0.3421875
54 0.659375 0.1390625 0.11875 0.278125
54 0.853125 0.62890625 0.29375 0.1796875
56 0.3453125 0.91328125 0.2 0.1734375
56 0.53125 0.859375 0.1375 0.28125
56 0.44375 0.859375 0.20625 0.28125
55 0.8 0.75546875 0.4 0.0734375
55 0.8 0.859375 0.4 0.28125