57 0.47109375 0.35546875 0.1578125 0.1078125
57 0.4111293000979134 0.22218874625563306 0.24167175440016847 0.28262945840243037
57 0.51015625 0.1421875 0.0796875 0.2625
57 0.23283111296459413 0.22721626476664242 0.24275703583350888 0.29356695840243036
57 0.34140625 0.36484375 0.2296875 0.0890625
57 0.078125 0.3015625 0.15625 0.215625
56 0.65859375 0.171875 0.2171875 0.25
56 0.79375 0.34765625 0.39375 0.1234375
56 0.728125 0.2875 0.3375 0.24375
55 0.775 0.46484375 0.45 0.1109375
55 0.80859375 0.73828125 0.3828125 0.5234375
55 0.95078125 0.6703125 0.0984375 0.521875