57 0.17578125 0.171875 0.3515625 0.296875
57 0.35 0.25390625 0.259375 0.2515625
57 0.40234375 0.1 0.1546875 0.2
54 0.0671875 0.809375 0.134375 0.259375
54 0.1914017836478818 0.5936399390672508 0.3574396966525605 0.2988896102127601
54 0.16796875 0.92578125 0.2828125 0.1484375
54 0.225 0.453125 0.240625 0.146875
54 0.3828125 0.42578125 0.19375 0.0921875
54 0.371875 0.91015625 0.215625 0.1796875
54 0.40234375 0.60078125 0.1546875 0.2265625
54 0.04921875 0.4796875 0.0984375 0.2
53 0.94609375 0.93203125 0.1078125 0.1359375
53 0.9027499634765015 0.5459003890813682 0.17378164109057934 0.1701290314288567
53 0.5591659850456057 0.6136599525743662 0.09197197003338253 0.08147678413027996
53 0.8421967142243201 0.851514081273565 0.12132519371911465 0.11114887357870132
53 0.97578125 0.8515625 0.0484375 0.115625
53 0.9008328070576181 0.8005577970021107 0.11601753290006336 0.10462585779368574
53 0.6508955299955319 0.5048225498447082 0.10304031433340341 0.11474431043863902