57 0.45873134330933835 0.13273255639727638 0.13765829117755643 0.10917789406758568
57 0.32819393970099553 0.21574678821204607 0.12143251387966067 0.09871028763096845
57 0.22529257788851814 0.3893806661880884 0.1278827729789592 0.10227233020561535
57 0.4217751565430034 0.28464461766135674 0.1473336798265045 0.11452095792955622
57 0.56796875 0.1109375 0.1234375 0.115625
57 0.5507209793373926 0.25073987520292534 0.11438147748246622 0.08577324505632156
57 0.2596256099667761 0.2905389746021772 0.13226988433001133 0.09791261213660044
57 0.49318788402546954 0.201876040305733 0.14390829117755644 0.10961493664223276
59 0.81484375 0.3625 0.3703125 0.434375
59 0.81484375 0.11796875 0.3703125 0.2359375
59 0.81484375 0.78671875 0.3703125 0.4140625