57 0.08046875 0.27734375 0.1609375 0.1828125
57 0.34296875 0.31796875 0.2203125 0.1015625
57 0.125 0.07734375 0.2125 0.1546875
57 0.43672844206062467 0.16048089852263062 0.22685735999173637 0.21535333098930565
57 0.275 0.0296875 0.2125 0.059375
57 0.49453125 0.03515625 0.2015625 0.0703125
57 0.2303868698722913 0.19917628074160038 0.2236959924005557 0.2137726502711466
57 0.5703125 0.17109375 0.11875 0.2265625
60 0.83125 0.271875 0.3375 0.19375
60 0.90625 0.15859375 0.1875 0.3171875
59 0.31484375 0.675 0.6296875 0.6125
58 0.6984375 0.85625 0.1375 0.1625
58 0.7696493916237843 0.7626302475641131 0.15505378875333342 0.15088176483072288