57 0.2646128492524838 0.20864824746811123 0.14979460049533805 0.2017857332097769
57 0.3820229811793531 0.2765400971979588 0.13627575599585598 0.17947422359113024
57 0.16015625 0.02578125 0.1515625 0.0515625
57 0.3875 0.040625 0.134375 0.08125
57 0.49921875 0.08046875 0.1296875 0.1609375
57 0.14502809532354233 0.2284746525475872 0.13951207195929083 0.215466287293461
57 0.28125 0.04453125 0.125 0.0890625
57 0.0390625 0.10859375 0.078125 0.2140625
57 0.5388851031814251 0.18342003585788066 0.09484592721213972 0.0937896947351895
55 0.87734375 0.37890625 0.2453125 0.2609375
55 0.89296875 0.14765625 0.2140625 0.2953125
55 0.68984375 0.359375 0.1421875 0.25
55 0.70703125 0.090625 0.1765625 0.18125
56 0.87421875 0.796875 0.2515625 0.40625
56 0.7328125 0.78359375 0.228125 0.3203125
56 0.7625 0.9296875 0.2875 0.140625