57 0.271875 0.36171875 0.19375 0.2140625
57 0.32734375 0.3390625 0.0828125 0.2125
57 0.582496941836449 0.15643954586337996 0.18849993949875793 0.17514782467404083
57 0.41953125 0.24296875 0.1015625 0.2046875
57 0.44921875 0.05546875 0.1609375 0.1109375
57 0.49797701697202224 0.2673009537361735 0.2214760659621911 0.20384556899199796
57 0.7211059656441623 0.3446644744357501 0.17127607806243939 0.1685978157455871
57 0.7390332881474568 0.202930941968346 0.19941016842151918 0.1706512394466932
57 0.70625 0.05625 0.19375 0.1125
60 0.0796875 0.590625 0.159375 0.24375
60 0.146875 0.94609375 0.29375 0.1078125
60 0.62578125 0.69921875 0.5140625 0.4609375