57 0.1890772309789746 0.4412972219466676 0.2244307274598089 0.19659229092165803
57 0.09375 0.5171875 0.1875 0.125
57 0.20307557258297243 0.30875754045832193 0.2374401497095498 0.20796630054030488
57 0.07109375 0.10859375 0.1421875 0.1703125
57 0.12933631968748838 0.1950645734906137 0.18554800992479753 0.16559526206571756
57 0.034375 0.3375 0.06875 0.16875
57 0.02421875 0.1625 0.0484375 0.178125
58 0.69765625 0.2140625 0.4953125 0.428125
57 0.2548648968185748 0.8601811420022679 0.3090283593866783 0.27130460344286256
57 0.12265625 0.68125 0.2453125 0.203125
57 0.0390625 0.8671875 0.078125 0.246875
57 0.225 0.69296875 0.45 0.2265625
57 0.12734375 0.909375 0.2546875 0.18125