57 0.3866762832683676 0.1583259282905388 0.23062655917039337 0.20103721247102052
57 0.40842060726979657 0.29299008836665097 0.19784691015912922 0.1778888725471326
57 0.2890625 0.0921875 0.24375 0.184375
57 0.0671875 0.1109375 0.134375 0.175
57 0.153125 0.0828125 0.190625 0.165625
57 0.1667247801662744 0.29582722277678164 0.21314412822814396 0.17383804250907636
57 0.0703125 0.42734375 0.140625 0.1578125
57 0.14453125 0.47109375 0.2046875 0.0953125
57 0.0609375 0.2234375 0.121875 0.184375
57 0.2890625 0.42265625 0.23125 0.1921875
57 0.8984375 0.41015625 0.203125 0.2171875
60 0.43125 0.73125 0.475 0.425
60 0.7828125 0.734375 0.228125 0.43125