57 0.36328125 0.1125 0.3734375 0.225
57 0.41015625 0.27890625 0.2796875 0.4546875
57 0.14375 0.1390625 0.2875 0.278125
57 0.0921875 0.28125 0.184375 0.35625
57 0.49765625 0.48828125 0.1046875 0.2015625
57 0.2626152557394807 0.42744617450038086 0.293802790445724 0.2970059122293097
54 0.70859375 0.46953125 0.3171875 0.2390625
54 0.946875 0.5140625 0.10625 0.15
55 0.28359375 0.79453125 0.5328125 0.4109375
55 0.115625 0.79453125 0.23125 0.4109375
55 0.775 0.88125 0.45 0.2375
55 0.775 0.82421875 0.45 0.3515625