58 0.24296875 0.43828125 0.4328125 0.1234375
58 0.38203125 0.16484375 0.1546875 0.2703125
58 0.1825020711779885 0.12659650165713904 0.35486254942915885 0.25045818817039445
58 0.18828125 0.29140625 0.3765625 0.4140625
58 0.040625 0.42109375 0.08125 0.1578125
57 0.2107357950177155 0.713961606909988 0.2299898834215476 0.24776121960192582
57 0.059375 0.82265625 0.11875 0.2390625
57 0.1234375 0.5578125 0.240625 0.115625
57 0.08125 0.65078125 0.1625 0.2171875
57 0.790625 0.56328125 0.41875 0.1265625
57 0.63125 0.7296875 0.34375 0.459375