59 0.12890625 0.2 0.2578125 0.4
57 0.5 0.06796875 0.14375 0.1359375
57 0.8599944963055833 0.2393376701703227 0.13652383636823098 0.19273288708777764
57 0.8453125 0.3359375 0.1375 0.128125
57 0.6421875 0.06875 0.15 0.1375
57 0.6328125 0.3015625 0.13125 0.196875
57 0.5418044374509524 0.16528855815305485 0.1366769490629279 0.14443208812453676
57 0.4290711052393565 0.21730153454314766 0.14116587226160834 0.1915804901980554
57 0.7573157771843956 0.18805955122583215 0.14300115690134438 0.20109219123481453
57 0.4609375 0.334375 0.153125 0.13125
58 0.1875 0.70390625 0.14375 0.5921875
58 0.08125 0.84453125 0.1625 0.3109375
58 0.6296875 0.7 0.740625 0.6