59 0.2671875 0.2 0.534375 0.3
59 0.10703125 0.259375 0.2140625 0.18125
58 0.8265625 0.171875 0.346875 0.3375
58 0.6390625 0.19609375 0.2 0.2828125
58 0.5171875 0.928125 0.04375 0.14375
58 0.503125 0.6328125 0.071875 0.15625
58 0.38134817314989944 0.6115668182998821 0.13961605771663307 0.1397897287263694
58 0.5078125 0.390625 0.0625 0.08125
58 0.42857285495508074 0.4814525923039872 0.13903890992224888 0.1491556383672897
58 0.31609363343672897 0.8672804871141846 0.13953158602505678 0.15384313836728972
58 0.3135648795874781 0.4792219509116353 0.12341390992224888 0.1490647347764936
58 0.79609375 0.6375 0.4078125 0.575