60 0.3525790417155634 0.2478587707831755 0.2910556655664099 0.2610357545523465
60 0.13091845188338852 0.3162437432695754 0.2336198286340201 0.14087636724704353
60 0.15348850104890718 0.1305933997752085 0.19841603444287886 0.12893865690134448
59 0.70546875 0.275 0.2921875 0.55
59 0.8390625 0.275 0.321875 0.55
59 0.7796875 0.275 0.440625 0.55
57 0.24140625 0.85078125 0.4109375 0.2984375
57 0.371875 0.68125 0.375 0.2625
57 0.44765625 0.9390625 0.2234375 0.121875
57 0.95546875 0.88359375 0.0890625 0.1453125
57 0.81875 0.97109375 0.221875 0.0578125
57 0.7973937116316507 0.7916408968722146 0.223037526144509 0.14524561850068468
57 0.9265625 0.96484375 0.146875 0.0703125